7036
155109
8041
283248
36787
1774
46593
181680
258922
16607
58
14476
94731
6873
21692
5089
9621
78647
283787
51867
230667
18639
67799
191527
30260
199305
55758
252662
28253
126709
104002
21738
51197
209885
23903
36828
299267
18229
202630
147539
97349
251391
101814
18199
119665
8037
273890
13995
148527
20241
43107
28723
30886
111770
38810
117654
26490
148560
168968
115133
169255
26799
248483
196616
58421
52579
27345
237596
178856
203573
4558
16769
6487
28429
26699
12684
280907
158080
92412
52824
297468
9270
33123
56422
1369
31488
10743
255455
13785
134559
23721
27367
239747
2678
237421
116558
17419
90721
22871
170764
12529
32172
129665
199489
47549
166353
190277
5851
1748
153614
32624
10278
28877
13941
27352
206971
238198
208567
31715
7927
210331
218565
25964
11039
76661
976
24094
231178
197656
22490
6726
20180
156180
69772
10272
20700
15008
129236
36842
205555
247088
287086
17505
21887
104666
11397
166142
19902
21348
73555
84472
265921
117764
130422
31995
32480
136939
28386
15535
27891
159210
7992
14178
27120
247359
185633
173195
34351
138357
54105
7417
68077
6978
285341
207561
35553
285447
17450
247390
154671
32176
200168
64760
30783
7666
11387
208675
222381
145058
17613
26041
113782
201446
239431
34639
24201
16751
135709
254348
28662
33446
9240
48472
127276
7616
209701
122189
222612
3132
32483
148060
2479
291993
160502
76340
35406
115192
45079
33644
65714
51133
158630
44025
61953
37569
20976
53624
271399
290568
160642
37366
196457
289529
227342
35107
34592
150617
31224
35275
14424
6281
22601
2726
7850
209472
3073
170595
221017
31892
1099
187171
30680
34164
93403
10645
16422
78594
141761
182633
770
140284
17113
204638
25731
24980
15878
202177
9728
290386
33616
29171
131869
90970
143478
131371
162740
3044
17386
14648
2787
2490
128311
187827
238053
65355
26451
19376
273223
27810
159812
243197
78354
16112
19072
98315
22227
207162
36777
18939
145175
36292
21854
157779
23412
29143
5161
19821
31463
22638
237488
240786
247070
24380
185142
295740
39464
14758
82897
23134
39812
22164
130841
37297
234288
26796
37193
154762
32973
271710
198998
27379
247163
31701
24478
2818
34115
98722
75938
185860
6472
206942
83469
105
287966
35273
97277
12756
64785
6753
290538
57408
282096
8258
211234
17939
28564
17101
32475
8267
11114
161120
33675
16646
253863
244112
7745
23084
17161
7498
14557
79654
249454
35779
85514
298992
10909
154681
178069
33981
3146
177136
36896
71644
232202
7743
34762
291879
17955
245801
145948
21216
23282
206680
35969
2902
35260
1585
237088
17906
15739
10359
21817
1071
79722
17870
20749
27403
33264
59827
35742
115841
21766
166490
227317
88989
137656
456
190073
33844
132373
53019
1195
82937
2187
29255
31533
106257
163600
127228
3741
299415
39058
35004
268387
27939
3397
13599
34344
17129
179979
134745
54850
29920
137029
27996
170460
16478
263799
74259
24810
12752
32141
20734
17996
17274
32489
275594
2369
249585
1122
15462
262500
198640
106953
264859
22496
6825
6445
9957
211418
801
99952
14091
28766
20303
2358
17416
4664
254584
18356
12425
265499
30381
10561
11617
16152
36293
36782
26517
155954
30251
107560
6845
38639
7606
251806
289726
3970
268477
280400
19208
13252
34325
14959
24127
182996
36039
162906
166805
12599
24100
83272
29479
11239
27103
31263
53200
18250
33294
10543
1200
50547
144410
788
36314
157088
223397
4078
262613
3017
18203
196974
83532
29601
281229
4454
229936
243568
219196
63099
16171
204857
63855
14526
32562
21818
33716
2633
87433
184013
114564
281721
295754
189097
281971
22065
42162
24318
11906
258868
88721
21137
152297
18823
730
178045
30710
22206
284204
155217
220232
47925
105539
184196
197710
15583
74382
195203
22773
73416
70157
190378
182566
299558
122725
34531
147944
23395
276815
203913
137451
182826
40858
13237
13283
48203
27687
132589
273299
221366
18664
298339
25216
181187
14596
211935
292812
18588
157036
244837
134075
30133
6241
63143
49747
35824
120954
16350
31978
167347
38595
50226
16632
102043
6427
34678
26159
143734
160909
183383
28302
29878
13419
90798
217277
265779
163910
150961
108450
25670
82973
147092
245435
184419
234181
73435
14454
16242
2030
26470
36712
5889
39587
33116
255629
15598
22232
84693
4904
26082
7522
69677
37188
65150
15843
7238
73099
28580
11025
217953
154593
29892
680
19707
28667
205300
18263
34730
163861
263294
11837
14561
13606
144303
23723
24087
21044
7278
283494
71238
217831
35375
211423
148466
15783
16669
23991
277335
138586
220827
14971
274134
180367
170943
130595
2152
12879
283451
21891
87442
203713
20295
35925
55120
6158
24134
75102
20583
15616
3735
128446
16456
224928
153355
12910
198159
180888
229474
155475
2295
113703
157465
35313
21208
103765
160905
146279
26884
10963
191752
32782
67226
2522
9485
14180
10293
28886
3261
31409
174238
47781
128244
18316
29837
61200
22239
286151
287970
98343
63129
132884
124814
55524
11463
127611
30626
14006
256713
5193
160901
54473
129894
11275
297446
185024
148385
5900
246222
25932
26545
10223
2935
19884
136
79973
102640
140569
283386
207740
11515
268186
172732
8915
15533
284964
234085
239189
43269
16341
104687
32484
11062
282794
119677
11598
20174
150377
144318
82754
26530
35372
12912
59563
245805
15439
22252
232151
34354
2613
20116
238539
205675
221574
280283
2826
7563
292104
2550
17677
29631
19605
229429
28218
27376
33827
8292
290932
11719
99629
176564
27934
148861
89903
8320
28742
1780
278880
256417
144812
294590
167961
51289
11589
4943
6170
10523
165784
2655
184930
13513
115541
154503
14236
5961
117910
254295
112799
160495
172402
5017
12506
70928
49467
29754
6099
14840
38351
4555
8257
14811
120881
254008
14451
266775
229254
9402
45219
30704
298901
21655
10275
290013
33402
21490
25309
158783
147856
126437
6173
5833
266347
15358
14867
66906
276701
25418
20422
29329
18301
20527
27578
7485
262889
31919
146993
8282
273013
231500
6257
296691
19616
21288
121754
16287
25917
3081
209462
227216
146610
30401
43179
2165
71264
113878
157902
29456
247204
254606
1015
258859
186325
15686
100056
2336
31822
9768
148110
120243
10799
56825
135347
16130
140911
10846
298660
26781
4507
31942
261870
142982
7922
195571
22441
117217
123699
296942
104710
163124
283445
293699
8724
10407
170354
13771
23724
28184
25053
256006
681
6357
160684
33417
85886
233248
24838
7451
32189
2776
9372
112630
13523
72094
213774
241559
28091
32608
297562
21071
35500
18553
219999
96325
894
8849
3211
262807
7955
240853
121405
20391
20371
155181
17071
19116
27853
22431
1839
266185
16577
290015
36740
132236
16020
20338
106177
172370
283906
22425
10212
43533
296033
282523
298823
210192
78897
92475
28866
159579
273113
226215
172833
207652
37354
115568
141
290349
36015
26733
1954
99849
14114
15183
272644
155897
92979
127042
258889
249418
34807
206840
35757
238365
252725
8936
9972
51050
162902
11842
298691
33393
9915
26039
2656
128951
130381
36691
209364
1220
94220
6849
11544
23326
36024
7268
296298
150359
36479
7585
18084
124402
149009
24313
153656
9376
26814
17405
171772
34893
1683
19383
19894
55493
80676
2796
105902
44306
2810
67096
83585
29606
79723
156881
23561
24499
17345
37312
10662
12545
23732
96253
191606
224416
178965
9095
10261
11377
20804
25426
8291
224270
36403
174928
255430
230269
25151
245739
156352
55731
281492
14084
150288
193441
9486
11481
273799
261807
68769
25845
130644
213099
7030
32287
9547
26177
132099
14464
34255
22882
254438
224735
284948
83211
18049
66881
269512
280753
33586
284041
1041
234498
134568
92611
248954
3002
106051
173037
33335
33779
6826
25037
35457
38985
43019
284248
134118
25170
124390
32851
2991
27033
29900
6854
34638
3200
35629
29943
29490
28661
280092
33418
192586
34509
35650
143288
277728
36398
230639
221809
28884
202334
14577
140909
117368
2520
10831
104942
13303
15069
48752
271550
16826
36415
25237
187041
297959
23820
36577
279902
1202
267702
36269
128447
27286
11459
43958
257681
4820
286029
29382
22786
56072
34894
22748
24680
6674
8051
151117
6094
95187
25884
28835
35938
151693
192074
299686
184354
93123
8632
2503
155427
32428
17946
85474
5877
149018
163104
162858
3101
296855
116415
153509
59645
12803
33357
22336
111148
88834
49768
20276
166483
9348
13591
13926
116930
242653
167968
65071
60380
2839
199218
138392
17508
96268
23212
207429
36527
198515
21124
70836
11144
87094
32910
80507
22861
27166
17320
80575
252016
33023
109916
231119
185297
18543
93715
117703
62167
25783
224696
234773
17586
18369
87975
11130
212700
189673
64238
101816
251061
28949
17829
93456
4386
20552
5361
20711
21323
36452
13666
131979
12192
10589
97180
7532
13907
28516
299818
225095
26952
273867
25079
271537
33522
8503
9977
134673
170193
35820
25756
65587
169072
36128
94689
105002
184463
247498
168922
15071
94149
25047
175356
215061
9811
865
50559
260517
6686
34254
170797
66
9635
153482
114181
299211
232984
3235
18820
49892
144661
185391
268284
24535
2255
188259
293343
118272
19264
112521
124010
75887
22501
9308
103372
163256
20905
97
31220
207394
280493
9057
26133
245433
16918
21019
73922
159617
104241
18346
191488
203334
169679
2101
29984
42312
252486
252630
82349
268434
35419
17154
84878
25868
1388
124014
23215
4004
254362
205339
234260
226810
24166
278993
30258
18201
222614
28629
95561
21590
143952
7550
232828
22368
28337
9070
28338
31083
33606
236622
242445
25637
248021
228662
33291
189037
48249
27019
137275
232244
124497
232934
24482
10536
14085
171835
22154
16243
9152
148570
117622
9740
115287
32265
28643
183223
87320
152866
269723
85589
26078
27863
29907
209448
12409
18954
11806
14333
86260
21848
250622
3744
235582
268792
126328
11124
220010
185944
36848
24675
4371
19772
276593
14262
15857
36547
37737
144451
711
4012
11559
21548
19199
273057
185517
17283
32592
14177
100234
275969
119065
6245
2750
78984
30313
298459
12097
95701
11889
15824
51117
19700
2729
37347
201903
30408
135826
16048
257788
16004
195117
8380
49761
118270
34083
31352
69901
34152
205497
3937
181588
98216
288356
4187
197
24503
220141
10127
259603
24443
102228
233982
10115
10399
2627
22314
28852
86401
165202
33551
177515
87524
31551
28499
154438
28906
289686
60675
3015
27227
23531
20752
15528
140598
30891
162690
48905
221224
292056
237578
199790
22982
4963
131810
197976
194408
140354
9871
240674
34601
194041
14307
8443
204729
241801
34542
98339
19934
212426
34653
2781
216265
39222
281725
165941
19688
54444
38324
11155
281825
28511
93114
73546
176750
43988
258241
35449
30725
112097
86196
287272
155656
48358
31531
165149
35656
22445
70133
171748
206727
173648
1494
115693
206226
138086
142148
139110
271100
134998
32857
243758
103916
21720
11901
14324
97298
35167
36849
2525
34211
85112
11754
9978
150455
46837
26694
3024
11406
263196
7648
209982
95147
126352
26632
62855
84683
955
203400
49999
183019
37440
20076
83873
13868
216140
1267
111360
84155
23440
12944
15505
8331
2398
82384
5542
29187
30910
228107
40537
19
18698
27684
65246
21814
141608
15221
164651
96109
204932
11322
239052
31733
6727
58803
146992
26787
28276
28553
17827
221136
12524
39953
198038
173482
140300
287410
33478
105384
35912
27726
215728
97402
20108
267992
760
8871
147365
31556
4100
24630
2519
35812
6714
60093
247251
161950
16756
283346
182576
34054
27824
174939
71877
3978
24371
2450
268245
2410
48
25861
25745
26032
91213
13304
13522
209487
286972
1687
20756
9114
66142
87456
30179
58132
195352
28745
123726
138151
129316
221344
2925
10201
28550
14162
13030
13231
6840
19907
142225
34538
4180
188121
265064
186655
33902
296767
12194
21245
24562
292810
237936
5455
195373
274455
129512
183995
35157
27624
28867
10702
102262
265857
11874
120457
43494
96864
630
231631
30351
971
3624
28234
24023
261140
24904
197884
108924
5739
16252
18207
174402
3129
126876
2604
279566
30422
128777
205125
20198
218574
17723
80048
265263
25482
76647
102434
55936
180658
291763
12935
297331
28899
35186
28369
5548
146106
35642
293745
56197
50382
218330
134344
231510
25842
225106
284163
197551
18373
170313
104310
219849
187016
213030
184281
20897
67682
25246
18270
30230
80700
11462
256075
34829
18304
7247
4395
2876
21523
193740
194766
73650
123148
29512
250737
23402
228773
2209
3048
187959
9273
32820
29148
4614
26211
29389
29088
21028
289266
152417
5586
32400
5113
9555
15432
76799
184219
50
172973
202212
18436
65788
180673
21972
10467
9435
140695
6375
50998
11363
6251
17157
2118
289749
1466
110749
4672
30
120354
13266
11921
205169
205242
233863
30685
209441
17288
68871
23891
8851
26426
240829
13883
205117
34593
94108
19679
27796
21272
64407
26409
169300
32070
10519
26396
14151
25534
6582
16587
201775
50983
7287
458
124627
110011
20168
25090
35647
16800
24774
294087
36767
32170
162759
3209
83969
197255
1576
15565
39515
27715
19405
26570
78390
33554
95783
27074
154741
20767
28448
71293
20962
257328
36328
229337
94482
50377
140607
115394
246687
48604
18372
140425
45230
40863
114686
157435
246445
1863
34337
33412
33769
236883
19257
13337
10221
56476
195692
284749
24184
11332
11852
265011
24301
8204
32162
197664
107149
11872
30738
9257
14600
252017
176427
9727
39576
25507
278139
125425
533
7198
212661
17807
189329
101622
237148
15828
523
57224
187797
1398
10548
250696
10315
72426
8069
138162
25721
149021
35873
190628
179011
143613
2918
22546
34598
2601
34523
19492
28311
258324
180572
3347
13979
237964
37009
187931
195557
255154
54191
23245
295728
10054
188973
32416
166974
241863
34536
11450
32747
238619
26335
62311
253970
11409
246317
249420
29312
21319
147013
15872
91632
63432
155242
24115
17812
54379
8715
170010
12815
59734
15865
97641
7999
204784
226112
29238
278266
264105
126157
18183
188438
15323
260687
30641
224524
298073
14415
42722
133882
27503
147356
9038
20113
199794
1695
7789
16921
5622
5330
28372
110146
8108
4826
5700
289739
63575
293266
9694
20196
226093
32691
10303
137289
9801
294938
212887
39424
244938
27179
655
17254
119947
18883
170969
149796
56134
92354
182896
96988
34064
194780
32355
22030
281836
8870
123750
25825
28220
53180
4303
33721
257810
2583
240306
4126
240234
3165
194499
275273
23856
3181
144656
149383
9532
152425
144717
16686
22945
191900
133228
110728
25692
125679
19262
31748
158098
5009
10902
35272
139778
144845
233908
37412
22716
285507
24405
25866
36071
7542
3291
129944
52533
11035
8144
109390
158609
214990
32208
23588
29331
34156
269888
90896
15102
233220
21076
127848
23411
14736
156818
197680
75131
219666
1034
23713
609
24256
113944
240294
17462
193335
18439
18092
114910
165376
6609
13996
268378
69249
3188
41887
20441
33647
14756
188491
31507
267291
17268
21012
100445
145340
13746
218142
174153
77472
8184
20733
17764
196124
22588
248139
5992
170094
275190
4197
3694
173546
26562
136515
50661
32259
225636
53115
16241
14310
12408
233467
46138
11609
34643
15292
127910
36298
26004
167376
36499
164904
12042
194632
32765
1416
293265
34245
241298
14495
35493
4851
5771
7832
289069
36847
2577
141046
277947
1168
16839
17397
259251
27559
18117
17479
65342
3051
271982
184934
30281
289954
201776
22736
18379
21785
13440
288139
22090
279276
33480
12771
220723
26519
74992
135030
13027
15022
32130
26309
103767
102356
37067
229737
101349
220471
16253
20862
178265
11358
9669
36961
20289
528
286251
36133
30387
82448
22728
26505
34661
176544
28534
46895
157922
28591
280191
150143
16306
28002
3770
3490
14117
32356
100458
57083
187546
28105
21117
36650
17262
8117
126674
24726
4630
34144
42766
218435
85224
5849
3576
23279
6529
204113
27933
14876
71579
35975
2354
9511
14654
265294
816
15642
283119
19810
35083
299404
8695
4258
123526
197761
30664
135246
198179
35556
106866
73015
11857
161921
282847
229375
146185
14281
297322
101582
37217
13850
196524
94652
32941
153354
118223
247746
89752
106519
20360
27419
63827
4744
10326
33119
264608
220369
29400
13322
89289
259524
95764
94790
7448
22219
251304
255672
295418
9256
71387
20039
164349
32251
155454
34005
165938
180989
1958
21445
10075
59215
241249
266560
217731
66030
210357
6923
286076
7898
127810
118605
244722
53311
28261
31583
138322
281745
39050
977
281460
270
104187
193078
2702
274369
17503
8869
16311
11063
6757
27988
2241
16355
204786
148321
87533
16122
33653
1138
1191
21186
201455
3276
14846
7393
125021
34529
159072
266303
125110
136110
149392
129967
32540
17721
29066
26909
184670
3396
12667
96706
31740
30322
12400
27949
161595
23096
79380
122639
58453
21838
32357
6510
253285
20009
33915
141438
53923
233951
32293
60396
298472
1547
35575
3334
28413
201099
7942
3080
157868
73683
173579
6973
264070
14258
75935
20727
28166
195478
3293
245602
73487
158873
33281
32001
22426
117409
52201
32468
5839
29552
63960
178954
194789
33203
1509
279345
14265
81186
29166
11252
226565
14135
247916
37424
234751
35164
14027
29460
250828
30287
295882
5442
25627
293029
15189
191685
28400
287026
237547
101556
43816
133489
13597
19219
62387
72770
206467
194490
205132
22166
17422
261408
17160
88761
262341
22288
110313
96305
70555
26927
5547
289507
36230
175365
18505
6022
24202
127923
249598
6483
19785
86911
105136
138719
9458
145911
31652
4390
167583
62759
19602
21629
31278
2384
180344
242944
255772
22853
294418
859
223993
11479
165656
34915
28406
7872
23993
132790
17423
2979
30113
100154
25468
15436
148456
9910
30677
33328
105048
152945
26656
27036
1860
207817
10906
4135
236369
73162
90763
220237
23627
109610
122565
97594
32974
83332
171237
57338
197942
11449
10158
219933
11107
1490
140383
194302
262713
23518
144821
1802
20563
165551
4784
386
163358
23748
63521
262963
275133
5235
153290
50267
24032
12035
28274
27081
155868
165936
203924
84976
113430
235093
28200
6618
122697
93632
31089
239076
232013
289055
24223
193258
98557
33911
86372
75574
217720
63873
197587
36627
9284
194792
29972
34136
87164
14343
11305
217627
15725
10642
109594
32026
12526
445
277286
132498
10000
29891
247074
99358
11265
17794
4213
282116
12316
111294
16642
241862
35781
26383
20157
13170
7730
20664
16139
19745
32385
224125
94899
8508
29474
34396
22302
161883
5038
19248
81342
272096
123917
25489
125464
220931
578
205347
110570
14501
243543
12314
29039
35420
239395
197453
248977
193477
234056
15145
13362
13859
4225
4959
97688
1248
34225
132887
121
20884
29628
32243
23609
14525
26473
55288
36204
36068
7172
5331
62497
163360
16513
3169
158296
20236
280041
229011
141894
10564
205259
164481
21840
161371
43418
26073
357
23087
148714
55631
12724
22228
14920
60074
128889
21794
212304
135277
11392
252954
174472
58621
13721
31526
5110
166497
81264
148120
93789
11430
36267
7373
12683
152640
2411
242788
49309
155955
31570
261
297629
33383
36725
258280
32282
261525
293368
120181
215300
100436
266304
211585
807
31605
113406
115968
15525
153186
34981
22466
95611
2276
37010
11903
285220
24322
274244
190627
37336
3182
10512
6413
25696
160641
156293
244834
26351
151154
23465
246537
55866
259898
165761
268027
198764
25782
249078
229597
14459
185
177375
35276
34484
161904
61197
77033
21396
75833
131469
8176
35566
199221
103426
32687
30309
125535
34558
26423
7410
172594
24179
30899
44111
180692
9321
30055
264141
262898
209973
7132
35588
14296
147667
4057
17326
26955
30231
34770
32126
272175
60071
19319
10977
5705
62977
35119
13093
33836
76135
285790
126124
217727
137108
35920
5338
187832
27240
31175
142967
180449
132966
1808
9385
32106
10868
118679
143218
134061
287516
135842
12455
287762
26171
106917
260483
234718
85729
214802
6436
128730
87670
24787
9864
34359
294842
28148
136643
11315
29634
190814
22143
20713
111009
37369
508
55628
217499
49603
36188
25838
31923
121653
191724
227347
296024
21761
106413
9177
261102
24267
36049
5183
22388
6159
22358
52540
267317
64997
227916
249691
101382
20639
10339
189776
1805
14014
205885
249654
22532
5025
250621
111126
59235
50149
59797
120271
22029
198040
284590
144485
7491
30838
226004
2428
28138
57170
30104
7724
130932
34111
33862
13200
5267
245528
11556
13308
14575
15083
6307
244354
294118
34852
12646
29676
170946
214639
112404
193983
2321
24883
12294
293067
214876
13857
215235
5899
227506
47521
13307
178466
26688
12447
251935
226359
6783
2797
26577
279575
23398
14666
5068
266064
125536
299603
34365
23429
14285
191811
7479
191918
131637
26991
148250
235237
95046
78673
33484
296299
167921
11821
194865
248
204290
6041
8138
29576
117663
29685
19967
25212
144633
34951
242754
117029
241123
17119
28582
16958
27478
7652
36653
29951
6983
30588
256673
37384
17689
30914
18739
27070
11179
111305
103613
246302
414
105268
255491
13292
296444
26068
37166
70623
27548
143915
1558
4139
260172
170664
26397
26471
24308
825
106220
239368
16027
177702
10351
156557
17610
153191
239313
111106
8573
171628
16428
36860
14489
26931
11918
253487
279081
1271
11726
90990
1285
75979
24455
11596
262959
280664
223528
154505
13565
139096
137173
18455
37183
18144
251360
177285
15955
5044
277
254002
19862
288
4504
245010
142151
37409
187225
267541
22414
34063
294617
95397
6372
235874
60476
53116
11431
197422
36118
192924
4188
32078
23940
12120
15607
27811
291346
18420
31139
15377
85686
26097
9014
32514
13812
34777
289680
10876
26907
275414
252125
280600
30375
35518
26708
80979
12964
62715
35140
19285
213198
219957
14133
214204
240529
240773
52209
144575
186532
4601
2346
31975
21347
37015
268403
125416
182915
34959
193686
250349
29471
22146
30315
1128
273473
259678
19067
7576
281715
23633
91630
239074
242302
5927
235471
24029
23798
151398
15237
23442
260339
5116
134248
52247
14112
240243
273711
32950
185952
189539
36599
12185
29167
25524
130856
1696
20694
25031
247505
42526
138865
187324
13216
252250
142216
174992
19498
280047
31880
29276
2865
187577
30573
21423
126961
276905
143767
141032
175905
155324
104528
295506
15644
241677
104967
211706
5751
11624
30487
21829
20805
37155
23445
171285
104115
158965
214909
165963
127205
293167
37199
268001
200741
183715
143989
227749
51200
12467
140772
64447
26223
12597
92731
10415
253973
78421
203962
239833
71978
20293
235048
150881
181090
36823
5807
29351
180350
209881
187338
293107
22272
195635
64539
66014
259277
88589
230991
187115
265254
8493
228803
288084
1025
29147
16565
10256
82187
1487
253394
209552
195962
23281
5698
280982
178138
277766
27609
248725
27294
30023
1925
255554
132188
9011
26457
6839
27699
1112
29124
59967
157908
14806
8650
84690
30504
147820
172021
16259
34233
25198
41908
24602
26158
191172
92958
187673
3415
216112
42914
22044
123174
82634
25702
168981
100304
111512
7593
73275
26388
112006
23822
37244
16814
218907
275648
28826
26183
6085
176801
24439
118670
24348
70073
24311
222
195899
24973
191495
196647
196528
241189
180734
20300
14958
177817
25894
2147
15612
25898
184445
68556
261231
31375
227101
143445
667
53159
20333
100434
153537
125966
25464
13108
9969
4314
42574
33398
83019
21141
231865
255257
23578
6007
25718
21091
29340
25850
26789
699
22667
119968
234184
114
10675
20336
279748
272170
218317
14039
16995
178637
177987
176595
264639
30853
37495
289633
102770
26731
251596
15800
1376
17165
16863
29557
23176
9189
1397
14408
52415
176043
286153
31974
242633
219747
65308
292811
289411
17009
11867
153912
118763
231226
101214
152187
319
8651
15175
69927
7048
243495
30926
12247
42648
52026
85705
43802
20565
37321
15836
188696
122101
63229
7868
138622
211648
89
221315
135657
226804
21670
32508
18958
23717
220171
101
436
190704
262195
15762
71088
7674
158213
3922
19093
7657
22362
298869
86784
113037
242675
32607
9211
89841
24400
163040
35557
238501
292078
20912
108095
35
66728
154988
155322
18001
188814
27880
297381
71695
22963
258335
92883
1308
27111
84910
64920
32996
156762
140492
31121
23349
25354
62598
7509
201838
13089
7123
10121
112
60647
32285
183069
59701
11256
137877
12219
247603
963
11018
23829
16167
282095
167682
3343
34107
34077
8593
229502
33591
19599
222625
28931
159042
33270
46345
24914
190
50799
157464
170700
64912
51
18979
94922
4204
31962
134497
18824
164305
19473
190279
297357
270857
5027
120155
35602
137403
12830
36324
133561
24946
171294
288125
100188
36192
108463
23857
19401
18975
168620
48117
1834
190712
32643
269097
45171
26935
26871
24022
3038
99814
2728
37270
9124
24754
243690
248636
372
16154
272646
563
9407
292008
7636
32590
17746
185036
1842
35253
246729
105577
42338
13598
9997
180939
187545
257908
28567
121302
80487
25273
214701
6992
247443
19223
236339
21541
159
27650
22769
27128
4113
25389
220607
18614
24583
57455
10537
226541
281562
239568
17402
214683
258030
165247
71285
24027
104361
157351
19574
45923
85694
3348
18786
7423
138658
194086
209819
4610
2593
206492
9831
15820
42737
15156
34208
251655
29239
8512
7577
35138
252204
1276
46627
124338
22306
37079
13750
29650
104838
210575
143029
188599
9475
27942
21229
63957
288812
2345
17977
135538
287701
9219
16417
268053
12327
274735
198653
49714
9418
294934
4582
21444
34071
247118
58404
360
238402
8687
249844
155234
11141
248192
266287
142536
98717
13936
208116
51412
136824
20424
219953
27361
276200
51382
132152
19289
35937
269612
17787
13559
12627
9071
26371
289945
221422
31567
19577
17432
9467
277973
10562
67399
261742
120756
32932
1204
242732
30083
159830
38110
9084
150475
15794
228524
8617
159019
37125
10822
264213
123305
125092
15029
155483
29146
35590
113438
10216
4806
22236
30509
24548
55366
27498
181349
10336
31181
225320
22286
67386
12169
2125
232052
152017
172024
35088
6938
30035
3609
35809
25363
131927
129409
210507
216734
4969
10764
6141
3763
21398
184072
297981
13918
5126
246171
280419
137568
27736
29437
15256
20618
254345
145484
285074
178872
29858
159179
42324
1931
8314
23735
22839
219749
29827
287466
137203
21357
4450
36805
98182
115631
80057
20259
130482
36315
94179
4929
119823
211537
4419
29352
6091
3754
211510
556
195623
79665
173565
94593
137596
156680
106068
36749
19797
84805
32300
200377
264787
17091
201256
285118
136002
18592
20433
25150
147716
248610
50712
4793
128533
25250
159346
216798
141089
29432
93731
4996
21115
262068
20940
27008
91472
24219
105353
252388
269287
8247
91872
36502
9464
33975
4107
259756
36789
34278
44385
10429
254733
170862
140594
227805
13831
284322
191667
35458
3480
54506
67527
28307
228879
293239
31654
30098
265505
23868
108533
33854
5515
10802
1391
29463
49331
270111
555
97507
17903
239153
20648
5838
3378
27470
29253
279461
10269
218216
30782
118136
9990
163746
157856
7987
3629
161302
175295
1102
18529
9927
5334
261398
18193
44054
59554
21055
126993
58476
14492
196331
294457
28594
15919
18353
13631
226574
37341
159681
17053
74588
206393
62766
182970
115510
8290
11868
41348
183727
16659
38798
290455
295986
86609
1037
89159
178489
156222
22432
216595
233575
226784
169013
31153
1599
8078
20038
142341
298829
272130
57861
107901
275
213276
197967
220774
171918
7098
18095
102129
2353
239817
32375
72555
24616
1951
152473
127790
2180
37019
4798
2580
234229
24304
106308
265500
291162
288565
18971
8280
1057
6111
165245
24915
289751
250479
12118
11887
91501
54770
261978
268182
11930
10039
106583
161433
104848
13919
26193
278138
37144
174049
35307
260148
130827
245585
25398
207636
22308
33193
80784
246128
287288
10990
13924
19280
231049
185381
192856
211572
23033
32110
97893
16853
33390
31503
31688
260738
42145
24395
132169
145036
112264
39318
133217
8902
26784
236553
122656
52015
86418
14218
30515
17200
16107
72004
41403
35155
198505
4472
36467
177613
21977
1247
95188
35450
38604
26076
1479
192929
28063
18041
18747
262707
34785
14043
35911
42446
24432
15585
15895
12782
226826
123966
27630
276197
35325
178861
27510
6448
8848
15759
82132
143132
186108
254966
19191
22197
240961
4982
265233
156520
169923
6336
29280
3219
7320
57248
202884
112875
36665
28876
85177
47087
35435
294944
59864
67597
171329
19298
3097
96182
19486
9738
27132
180019
5152
181644
265707
7675
2234
9278
107953
34702
79605
17276
45995
12821
32799
126948
10817
130989
7769
9087
163882
34579
204685
33109
196545
9400
3673
93515
257706
34400
26301
277647
29293
56274
1401
136855
269257
215943
13733
136352
191361
7901
169987
33028
213720
199931
238476
1694
33488
147298
28237
257088
110389
255427
272
211478
64878
28006
35208
135052
262190
26547
35128
9799
29226
35102
212850
5748
193322
190440
36442
231558
14396
276257
176993
4948
8861
218446
33216
2975
23361
279990
69907
19475
267394
78858
49433
22898
163390
457
36441
25841
214354
246890
164207
91775
189423
16868
106244
821
167515
18684
269325
229639
30037
130949
4941
32437
255281
1785
36822
106354
4216
282740
117662
270558
296751
34562
171074
21704
139626
188256
81559
101243
29765
99486
29792
13374
221726
265318
177617
199431
118657
6758
31959
27976
12585
20131
25240
144874
139529
142903
288926
18863
208886
12365
285496
57611
35454
167705
221111
11055
8827
20718
108625
157860
86669
33674
19143
32881
35082
291438
126574
312
35154
17659
56614
184231
235039
32694
12594
239916
25139
133750
169334
18219
32054
14458
285254
32061
20247
13418
10416
25709
183764
20078
20201
12742
211594
27389
22140
62443
20192
6859
280272
84965
17011
299366
104808
222758
26986
22353
154187
36079
20913
51307
4987
27610
265808
237541
263344
76350
154284
6178
22919
273164
4881
3060
27495
20816
245828
256350
294720
122890
55176
35810
237300
199294
80968
36718
245390
126572
280160
27541
101761
112099
26831
27902
32619
264503
5043
33565
8495
260684
188084
23949
123463
117264
34081
240233
96394
246038
184156
121729
173992
138591
22248
129068
6533
153669
72267
4810
127667
189142
288571
16421
33552
281591
232745
224055
798
140385
115618
179744
34309
35885
211137
120493
12330
7484
100797
157374
23144
182711
16758
37541
127687
19106
27141
36368
50029
28937
134447
177448
23772
60797
4072
26607
176299
275042
19873
164275
31061
230860
18460
200633
44144
60118
9601
41601
12678
20409
84637
80471
27730
497
35388
24783
34725
7776
263231
69807
36275
13965
85757
152805
199767
36319
10650
234830
44728
163132
175967
9204
11086
84180
6478
22185
32649
190548
3275
257043
75716
83502
34836
18564
74483
92199
225666
59036
24683
242752
295782
5007
23044
5666
141269
152705
7793
142105
154692
22822
200894
108677
3003
75614
11006
98405
190544
226008
20097
204624
241379
32676
172694
34085
103051
30123
15455
121281
132914
35875
21422
111055
124558
40643
236166
131068
114358
2090
290250
20345
257654
122456
12142
42827
15536
284179
99713
133000
174407
187834
84150
97162
282360
34452
26753
16216
19519
11467
25100
161366
186122
203595
62734
139501
65351
41342
294552
41876
22567
152243
53059
166197
213004
9487
7766
21974
182361
159399
43620
36476
51210
34442
22405
12369
141643
19221
270326
9607
173029
105178
26286
31035
125487
214632
295102
189653
193931
12164
11577
75663
1531
11074
27599
25920
33524
155482
144569
163515
44409
4838
19870
133675
5031
121800
14244
154626
267023
19639
10682
31343
13386
140175
299072
224631
165847
14332
15270
171924
32493
21890
17546
84058
36339
23752
296325
21130
117767
184048
19653
191778
6731
196488
31070
10511
131985
179615
10283
142716
268805
263104
114577
17790
24220
141349
10580
133325
17031
226181
33041
104243
8391
509
4572
25800
30927
25282
110411
9678
146982
9596
12993
4431
231093
33507
9982
81614
8813
50660
14728
21090
9890
31196
24445
150869
36528
101229
172668
201579
16299
157899
229889
26302
99405
285116
33202
35790
22904
122634
107562
151459
176800
57395
6084
29764
67727
19942
89680
100777
2229
201876
8451
152895
6151
787
215551
235483
103157
3046
15765
88199
21790
23711
33468
287308
119848
260581
110895
10941
5214
195766
2139
33953
294754
2817
158075
148981
12515
37805
126732
34272
61718
7874
17452
162330
270170
149300
9064
179762
120214
137297
112764
20997
76701
34281
285345
28620
23170
24077
32791
121481
12343
131365
126233
71347
119236
168298
24878
65052
207076
33361
233005
237823
27845
13192
29170
146463
225901
27139
9556
279151
57692
27854
199950
216557
113864
14785
57897
22446
6611
291395
21093
249057
161
33838
13034
128121
94640
