226426
41232
74429
201168
208545
29146
21026
268054
10764
19159
22784
223445
31017
33000
92875
8464
57864
59733
66439
145111
45747
40107
15726
46908
54289
40368
29914
43192
58453
122410
19556
95872
243687
92450
57771
285416
20985
46997
6449
13711
15897
238992
73238
191273
42614
102780
2960
60062
44307
65396
4096
43216
270536
287761
125136
99483
135763
47863
96289
29735
165690
10544
25313
138989
127188
25981
83173
40303
56306
278029
47524
82215
217044
45411
23845
52008
20281
202119
45503
42181
246044
148244
168321
66426
178954
10195
48186
10882
8195
46417
45726
43028
63391
49035
189076
81311
184913
21512
174534
175522
65922
51718
30699
157394
275837
279660
5210
173421
51572
25493
47537
52077
54235
8621
13133
43679
281922
20033
30218
47036
7469
204732
50051
282892
12565
49103
36012
220950
8577
39893
69006
51098
51774
44714
48298
58356
27884
20510
51097
27039
55880
21993
29940
22781
16550
60304
175846
5467
68347
211472
78998
92601
19210
114544
31689
265273
31649
56145
51477
24841
36627
42192
44399
168472
273879
31863
32316
3023
19180
287240
10842
9798
19441
49660
246218
1231
129296
6595
32544
42967
48908
23331
18326
102941
46820
35427
34402
44402
7242
252926
1956
198235
31143
25625
42021
43100
2789
46778
28527
193328
41281
51556
277093
229010
34546
67173
67361
276372
12151
32574
36272
67771
4219
126812
4185
148913
10256
63984
113891
3350
21629
58498
285172
26257
35368
294920
57158
136250
285901
106639
5644
27023
16326
288802
123374
8546
38560
295061
220595
10398
256641
8309
32660
37251
37614
40001
67230
17962
206917
23940
159
39056
53034
44860
258271
9273
35444
43140
53548
278254
10072
239596
273903
9347
207762
273644
29681
194150
20958
89551
46937
43603
22832
58547
199110
14911
52055
239682
15235
91766
13437
56854
3253
41464
39621
30869
55376
97363
196566
35452
53296
17557
29040
228689
271999
17096
264641
134899
122658
257337
19027
39576
185343
37336
51719
1015
5192
56198
70645
69688
15656
23369
139803
95544
41426
20988
40876
295545
30167
90908
57529
49637
18333
1931
1847
68933
156092
41685
18327
197378
9287
9516
44374
163724
79594
31883
19796
91899
21959
291171
127224
24522
9217
84699
17585
7536
298099
14142
185241
53380
52501
30407
35096
12708
147309
24190
50447
9242
46720
12701
130232
44386
38177
57378
200499
128542
4024
22435
263251
274542
27879
3805
223519
14648
215605
12746
221592
2051
43441
39361
22899
73188
44607
291052
10571
294337
55475
7170
14975
42092
10672
45265
19900
17698
203299
1025
31707
48285
104574
36234
198981
168192
52156
38346
53326
111761
43960
244807
22643
239231
309
43900
52943
104532
3353
112085
14035
44504
30849
26784
213917
111102
63780
73255
44092
24998
28161
1075
35523
227650
262004
46309
25170
288803
230250
54856
122655
58140
88918
37419
38331
54042
51672
66826
205793
46747
241682
74630
54186
44072
219480
12703
22695
144310
54096
32268
77283
43247
26117
16904
7794
35237
58669
250093
27565
253497
73363
15143
64022
19959
40885
138140
19183
23632
27416
23633
53452
39905
35259
57850
32362
148401
17700
15587
128919
246644
17573
30342
13617
29516
180995
64088
251267
14072
6726
49512
14732
35789
5276
8228
67391
9417
118846
1721
233356
143882
9466
44700
50056
42099
42840
190711
19850
14114
40473
118740
122385
89199
24245
3580
109077
250523
376
28867
35159
22792
53485
29204
54775
79371
7258
36194
27267
88575
78369
26605
15176
144947
13344
43637
252246
31771
32638
47713
3607
281567
21001
44890
173496
253112
40024
23562
292265
252554
1629
83766
47883
3420
23034
96507
155232
150156
55304
49415
82871
281283
144995
139404
36699
69274
45463
298645
29522
182500
116452
13365
106695
29612
25258
50313
1598
34732
245259
58951
133538
8703
16439
42832
4836
165250
7253
203704
189162
93401
53458
25117
4004
65553
119247
33695
3630
29557
24335
26749
1095
53337
80137
29732
430
49503
67694
233736
56967
17936
136301
54240
46894
56539
36025
41738
12328
295338
50518
189487
54982
281141
39176
137494
33190
21723
53736
145806
10347
44594
50650
41103
793
5555
119805
45349
151093
14680
126883
47943
5165
28185
27251
145751
45204
29547
12303
165897
156978
655
34555
208224
38419
105911
28114
278253
40613
31177
174582
35667
94267
29036
12854
229114
2863
47761
15032
4271
38693
45811
39043
5865
24545
30626
178850
53097
28974
31734
14132
15822
36273
27716
28186
50038
56242
151866
1063
154726
49687
9882
20548
52522
50180
420
28260
32559
66974
11183
742
9056
144811
53335
145701
242917
44093
41202
75929
21560
39915
15887
51068
168957
6271
14229
40229
83528
20968
68797
203134
14028
27170
135647
4360
58315
45783
47926
20134
296566
12963
69822
11115
21307
244555
32778
222262
131615
23818
167604
19932
5136
123111
88090
127537
16377
52183
254
18451
13961
8350
49995
235832
1740
27073
165878
188867
235547
31522
53765
19070
58397
37827
186602
36223
16638
58435
53665
16657
52233
147208
40369
3500
45391
85340
124137
261292
202261
205149
22267
210615
217530
16240
30426
57307
16510
235967
256621
239183
37810
18703
62593
49197
9145
41923
25675
34430
56734
14578
48941
147059
33007
5217
11519
106317
255290
149993
6265
5567
10589
37692
278976
28424
193486
51591
35683
38463
92615
187518
48913
18961
72652
31796
16026
31387
272327
17325
27974
29093
32200
3323
108138
33100
9608
16868
28729
16194
220121
57599
56601
244861
42602
34239
87916
46885
25676
35857
41189
16807
40066
146436
234036
3387
44245
127766
109040
37909
67693
122043
93902
221634
51298
25830
58318
262099
276816
52570
55984
34895
4134
90487
38745
20971
148147
229819
166517
35540
259642
11996
125814
9181
204483
45290
37486
127460
38073
139147
267348
8855
115161
206991
67166
31581
49541
20849
292559
48443
5888
26781
43052
82129
12098
2013
31982
58439
71518
229159
33696
227281
23057
10212
27942
110618
57262
158554
259199
45524
246944
183583
59648
44046
271076
214131
10703
243425
116489
35231
298650
38495
264244
2234
240931
198685
232351
261536
7493
211996
8099
248050
53856
48458
19530
13778
35614
3787
35996
42673
251953
173349
48511
24369
3329
62992
45623
250188
10537
104512
45658
46605
29431
214497
48453
25515
47103
8175
18843
36042
30802
9807
13807
3510
38092
125348
52637
257238
44793
25111
23256
51968
41551
1767
21391
51809
20481
53175
89274
15041
46061
67028
28918
24336
27738
178176
31064
39570
158359
217925
4629
35195
42552
218668
52515
19818
56150
34438
25852
107310
171707
262015
12331
51078
42047
65818
15345
52348
11917
36691
51750
139696
45336
57670
12987
6168
22427
37533
127613
37401
63510
4201
46381
231529
21769
178660
11721
49233
265085
22935
107114
204412
28850
276847
47969
194908
37221
28214
30996
46130
5133
4933
48739
3149
167603
258351
25502
26815
48028
26096
11087
174019
264872
165798
120017
16674
35380
261240
9298
4218
193097
8300
40397
198253
40904
54207
17301
15653
3027
39081
1680
25586
18705
103695
211943
278260
51376
34874
23645
15605
280308
39673
106247
45522
3890
14344
203145
110
21545
25832
6247
32143
28349
53057
35097
5354
175944
54854
92273
502
45331
30692
39920
25265
35287
18744
15315
54657
93464
67410
29984
14127
31973
53490
89705
263058
60261
100004
214889
13219
32869
183075
29989
50279
42404
183109
38266
17675
226483
25603
8040
261142
15716
42779
38001
53064
294569
29935
57653
27875
268856
33339
38912
65127
28289
13106
36332
29214
54993
54368
27796
12281
1368
55554
27569
19509
6458
8412
219398
11316
31295
15004
98251
35186
110480
11975
237167
102923
21540
168239
28164
45442
43582
8901
55101
158485
6409
29981
692
47173
2634
1997
36183
56798
10748
271930
49480
11092
46101
41862
139446
60714
41564
78458
12798
29911
95352
214591
11465
93469
16430
49402
15189
44839
43901
34393
27436
14017
46010
1994
56841
19885
39145
24410
36422
42982
41835
51119
191316
52035
61961
237208
28027
236959
16927
120916
137025
56203
214422
33257
59024
67574
25992
222381
16265
262169
13781
122985
32807
268147
219524
3559
238071
241053
239412
117284
191110
256692
47576
23490
208488
131558
37029
29530
132822
23
53798
34288
276380
50201
59227
6849
35135
42878
44522
274075
168144
10217
248779
27940
32141
32411
36701
55503
12041
43108
283922
19052
82230
7858
35767
51100
47397
17565
11109
12627
30319
165580
81650
31866
151710
48316
40221
40935
199965
14093
279362
50455
56958
59293
1848
34564
28882
13615
246043
1926
41410
34566
42833
64860
19055
258891
41131
222919
282583
18475
25838
31477
36721
204703
28407
289026
40334
52456
56723
19239
25113
8193
28818
46859
144247
12442
10770
13208
32119
42083
10167
167640
55553
17054
12758
26135
199760
27736
87361
6177
18057
158136
55177
5749
52007
14151
59411
255326
3711
67062
53825
6782
59975
4579
165084
292941
20442
281190
5869
19440
65896
69876
49575
51358
32370
173934
24332
56509
47370
227561
231127
45972
35207
197487
48020
10932
14249
150627
74800
48058
84730
43304
18198
118987
36175
810
207994
43306
221059
41938
46357
37661
44146
25899
27923
25780
21286
22076
26985
180261
17974
73163
58450
4293
97264
37036
188284
245026
201349
50933
16600
53383
73523
57652
36446
29513
6446
256660
10989
2944
39646
39450
62239
25587
62159
44827
93639
24564
49827
3604
252736
33746
55375
14378
134017
157261
36414
241867
52811
227164
41916
40151
41219
149969
198370
231493
244671
109701
173643
237801
38596
268948
122282
250526
57253
247956
44209
257082
48348
233748
83279
265338
19712
18798
105976
56524
818
24325
2656
24467
10138
46917
165887
244389
146319
88641
29796
39111
13688
100198
39287
24833
26381
13492
2808
38539
3963
145250
149520
221257
34448
42234
49345
27873
70046
182009
7369
200012
126514
49783
17592
189528
9345
7789
199335
115604
242547
257555
55745
31293
194790
15222
54518
5938
270315
13786
230201
37764
118670
54714
36725
49853
1062
12460
37159
143457
18194
122958
11438
99784
47798
10196
27140
27831
47763
284355
5576
9728
42278
26577
242527
30819
47269
149881
243845
22252
39717
25755
18505
147913
29456
25074
247991
186
298741
102815
48744
17011
46143
47246
37757
10552
195881
20087
16450
170091
172284
15083
50008
269755
86620
15015
37650
2497
13367
25348
41196
140944
15214
21076
37332
53441
68831
53875
35343
16115
206640
107283
51250
74050
51351
30886
131851
24114
2398
51649
1245
38209
193208
86543
22881
20644
149524
54021
41004
43397
28639
50156
11677
120437
25885
52376
275990
50430
41406
58135
18617
12150
23942
32063
52356
48131
63104
5507
211428
55819
34462
53021
123617
209983
30741
273254
7247
50970
34406
50923
76626
10572
245501
14002
94224
32804
236165
146083
11904
176654
3919
219032
18460
34361
15237
125812
34295
35932
4689
33980
31785
26991
160422
284770
37872
4130
47719
57049
30262
752
37415
263006
20468
119666
52181
233581
18214
14060
21154
18334
295929
101107
96970
80566
21204
13447
19950
18067
174430
11908
37472
231188
43984
47848
188835
4412
277578
30570
12163
13457
115757
9134
13497
10603
34511
9032
21870
8303
238323
3251
9224
222969
20092
272215
253823
41636
16412
21893
50706
33532
7062
9613
161530
40777
788
86674
16107
47539
56767
190210
16877
9325
251719
267664
35475
35158
13945
241819
56645
123200
48540
40245
125733
242047
299690
37127
188380
283128
166209
180052
28936
165828
108466
14170
15799
10829
45311
226332
295761
75675
124506
150582
126773
83679
22680
171065
60550
36532
2682
11581
201986
17717
7057
36290
243063
41890
28024
212841
22623
263562
55466
281083
228788
237011
50226
6417
43241
7163
24660
24311
272801
3775
268880
21430
21091
66144
24722
47560
29176
47502
23102
45399
39656
56638
45031
110399
296567
30256
16843
51036
58364
48129
154558
54981
98044
151817
30630
47921
55660
58471
92951
3079
30979
40762
18852
50926
19232
14661
57111
10753
30031
26525
60147
46611
6759
46715
45071
49183
56054
242693
55963
37277
151360
41223
260144
253209
38096
189455
31116
27774
4961
11489
15751
272635
23324
158264
207659
186186
9251
43363
54000
54845
18499
45322
221426
120398
278
15159
151768
30909
58289
5457
146101
275969
43122
161351
225087
131614
265415
2231
32057
61511
258380
105575
54174
293961
22082
31922
2501
41922
31252
70993
46207
57198
87133
20526
40764
7986
22778
47833
285699
32032
210775
39948
2877
143091
8042
93263
217561
79570
50104
248396
107825
277257
39457
21843
35729
3955
21342
170845
39889
89932
78077
47498
33556
214319
34375
11801
51194
160244
274739
15793
235290
27096
63744
16050
12472
198316
40385
211331
142323
92910
95199
72649
96061
15760
36447
41617
19752
186945
50576
39655
291144
39907
2233
39069
10024
27782
19585
1464
105936
29340
21858
38219
32957
18608
43563
136397
48993
32665
56161
12088
43994
39757
11214
84478
11675
35816
52371
5169
13125
89083
50026
75930
6204
46319
10615
45060
191552
299976
42569
51418
25341
49375
32901
56486
274249
143082
244809
57614
7978
170330
3532
5258
2249
37374
197418
62863
188916
168445
52806
272186
22565
16749
10949
24819
15097
19044
259984
62098
56881
57050
53249
49258
7291
33727
19359
37583
50446
5935
53408
4542
80195
124431
20407
91713
47040
58587
31102
48122
161825
65137
3656
48234
36065
188244
33200
19408
256216
16816
275842
262117
289719
26951
17533
200410
119939
14887
218399
30441
23695
31270
55203
41380
8453
14775
24741
227175
43004
12664
5306
22838
297337
274825
36454
41828
221856
42826
51555
20304
10632
32547
20416
157452
190525
23320
22786
192455
57935
15075
189294
293080
32611
304
27297
2787
44921
51120
14220
244646
272371
13866
237053
132966
43167
64546
30193
3730
216878
65205
49868
261118
239990
12587
121232
42291
24520
5827
33686
24106
24429
16609
144213
180775
19499
10947
65087
25021
19675
246570
47532
32084
5884
43153
9804
222526
81904
289476
3019
7375
242846
10967
49869
1298
40500
9848
35324
208668
24170
37748
36316
166567
258624
38794
243331
25289
291008
245683
42012
32805
34205
26280
57549
160528
235180
124468
15565
1893
66315
312
6700
39658
10634
8122
289842
14310
125156
32216
25650
45476
48112
222731
2447
64295
25916
185387
8313
105491
161987
89463
69881
21478
263919
35537
99693
205073
794
38305
175432
1407
327
28437
12998
24905
5074
16259
9279
165451
30527
12468
7183
68137
55520
249503
169225
298623
2755
12203
2042
194568
10252
55112
15279
30990
54003
44267
55295
57788
26874
90856
16526
58615
76279
113927
3428
53847
31591
260556
34196
18219
259313
248376
19567
39756
177663
67976
33411
23271
175785
108208
26159
17497
37241
50896
33549
4287
43589
153253
18190
252868
51125
17171
16910
58100
2560
30159
54802
56347
126568
182474
15519
181672
4319
5894
3992
84608
16398
130296
1018
5227
105257
279476
30318
64809
254452
299492
40167
298041
55940
36197
24769
56697
8141
225978
290959
226137
184312
13767
9331
9680
204273
114772
22834
50882
39314
229859
24350
69771
46107
16756
30947
30480
50027
232050
294411
3855
164205
9423
55440
103046
41369
153977
17803
17232
99725
274771
7714
28113
293020
153832
12219
54218
2198
23499
7182
226741
9668
24668
22390
45501
40365
243030
251393
194007
55786
204115
47593
55496
100706
180516
240988
297209
283968
59964
27696
288994
249055
75818
215
28047
28276
1525
229211
136896
2039
36679
39296
148958
191278
296509
20394
19203
43408
317
245789
242799
103474
50673
41188
189675
24015
201281
19458
55916
32271
6712
38783
31226
50002
47352
15894
42611
14866
27166
16376
7505
15624
15723
138706
94970
230807
23740
267207
2600
32899
57874
184009
22091
8347
22976
9509
27083
288828
33016
32757
59898
36443
98844
103513
13229
37195
25414
19
89157
47156
21549
49395
153101
49340
14088
27495
35538
19958
9435
13218
160896
244294
40342
44776
57999
151109
172726
113631
25750
841
65869
43384
263311
36339
14722
49072
158549
34925
33228
53660
45786
34046
194218
51763
50082
112636
30512
24701
46469
16991
33725
54677
29830
12046
48267
84827
27077
58766
29668
160337
45252
237852
207268
257255
40558
53529
278973
185691
76541
1209
102
8016
1430
8710
35230
21249
29347
15758
95548
145517
36816
79249
220622
98817
47971
16784
229587
294162
8102
58374
189996
16681
171808
44852
10219
96057
24387
119989
37299
18151
46033
36940
45626
32960
21221
9674
262687
23155
54603
29730
28547
17952
266626
9315
65884
46202
164061
246822
144478
68181
62209
256956
30005
776
40911
17354
240361
48800
10144
5766
245742
75573
240810
31471
115973
2031
237600
43764
25764
40146
29991
187687
2210
18100
38524
78952
231640
48811
270509
3733
39878
23115
234175
38671
265668
7241
164073
171307
36755
19860
52647
2928
67555
106802
155864
72162
21047
147103
43369
37660
62952
18905
36305
21259
135301
25464
24421
52284
50552
190380
30944
185896
267718
23399
8082
15577
12536
291028
28538
52616
263455
116711
28858
37847
55142
154509
224809
44346
5778
36814
28987
184939
46589
110924
39855
42420
17747
42274
2598
45794
15663
17491
131317
297944
38949
152443
233565
54566
39632
34772
73817
51921
5320
26997
50524
36582
14871
41590
32250
250057
61846
18202
41007
1
22391
49319
34541
207997
45261
23592
106527
13599
6378
43180
25806
189
23055
211971
219644
57684
5441
53203
200583
8660
2129
258901
28077
19407
51310
107852
20795
34258
7689
16985
247390
154843
5093
9949
46458
236672
26897
57690
22067
3112
141715
55713
20200
42663
31450
27820
14136
20625
18224
90503
17215
27664
246240
13970
3971
280545
173969
237683
21530
237785
41917
54341
64098
25680
14669
219541
40925
24746
24820
48810
43959
81832
129288
87581
19373
25917
36878
12167
46899
153412
22337
151945
153497
209903
54988
34194
27823
25689
15309
55441
60639
289348
15883
55758
43907
553
13439
20367
257137
62024
13965
35514
30212
4007
17423
149125
23764
8896
55548
45534
45604
216558
136958
43601
49977
195011
45059
4779
46637
224967
40822
60287
210460
36622
188333
57914
20096
53135
34890
25323
37479
111451
24893
47815
26048
54574
45985
172330
37699
36889
13904
256001
15275
21671
26040
61745
47696
230647
21333
35584
38496
38474
155350
33319
12881
156585
25377
25789
44076
267
226709
17437
4056
16196
285926
18101
43186
33795
48493
45570
20964
4455
2947
25408
50412
56223
40472
268979
105553
6898
18183
14335
40692
90410
9479
54705
17479
55977
253616
47529
29778
26969
549
54635
2328
1357
263750
65720
207331
3758
23947
375
55840
3157
52246
20262
47431
141108
33647
39666
20097
38458
17792
51445
221959
31257
48605
56824
25352
32769
44158
19421
92353
56806
150062
84327
206862
19112
6613
65769
285593
73311
14190
39933
28145
12590
28626
14422
51285
39035
36720
27013
196099
234419
152848
11132
28602
46162
162273
17690
28086
16830
31490
6007
25509
55018
22563
43003
13067
281297
221456
259197
17230
37136
24925
45753
50142
56167
173295
56856
46097
270390
86683
19039
40722
166826
17205
41990
40316
42022
15579
55735
28782
4546
6521
4814
47358
12138
62594
21179
283905
207892
42126
11418
221686
22814
231500
100848
11835
2985
34255
72078
7030
31680
56880
28584
16142
55007
13097
273534
46483
3102
9061
139996
97993
37515
21780
33868
206696
6321
102514
3741
67102
10150
158101
168956
268695
37529
9261
35686
31068
38998
172224
40677
31037
17471
43970
41441
33521
17692
5794
23374
4214
35893
157324
156391
10910
135157
16994
52707
26039
38955
108862
19803
136969
230926
222069
47125
58536
75292
22775
56370
19869
2300
18687
26506
33718
16418
61207
166707
27704
48997
12773
40797
25382
48541
54544
235909
241010
31349
23137
267777
74182
45831
8279
52925
209372
41494
11447
245011
208504
35041
145388
26935
83060
32588
37506
48355
66768
65684
53222
185947
4859
103438
30647
52146
8320
21689
233982
40850
25160
8210
145516
8052
41344
55584
32836
36021
56008
37555
178497
23378
19749
35799
30666
39624
238117
48109
28163
66573
136655
153527
288308
42619
227800
51510
144758
282898
36635
48530
6448
831
187322
51472
29937
19245
156719
43845
15756
42204
102445
203838
25961
51037
103605
170787
52253
45073
261885
35119
23435
24837
12632
67662
251807
9154
39629
288257
28189
30289
58255
40344
48592
251973
153820
6550
13120
54517
13800
13122
178538
116563
859
12615
140046
276491
121228
107201
283787
8778
5874
305
37406
48179
256440
277016
2784
54803
251575
104679
29718
19212
35025
290792
17258
150946
278369
274531
17925
176359
107
17945
197621
114241
11967
22670
4969
56731
8059
44293
268032
28105
16584
32097
56576
297538
33014
5538
53615
38878
14108
37032
245680
197815
23729
58871
25426
44463
35327
40973
91285
22040
77269
3443
252475
51818
6434
66526
19282
27379
51162
137181
45836
24731
11486
51729
17701
36765
34759
131064
7425
151171
45834
56387
41737
16021
415
53846
12452
6019
109842
111945
253366
39146
45874
162167
283148
144175
275894
24446
281568
8799
268756
20859
34914
181900
31282
413
4347
53268
113194
87051
269649
32049
40910
88273
51970
14832
50428
11865
156742
4316
16413
14048
27657
55210
2454
49252
24449
48663
292757
15944
55578
106180
7949
23717
184083
52607
69319
105927
30541
29183
2124
46225
3050
97845
109869
45912
12105
65806
58194
12384
157701
44162
110094
197584
53555
31997
29885
32220
28274
239829
40443
55427
77683
34996
208341
1750
38286
260091
58599
11611
42416
242034
261232
15722
52653
233340
275975
25321
133706
51004
6882
168326
66027
24737
20028
254978
57017
82764
32130
2333
242712
27934
12128
200074
42821
50096
42914
299317
287112
126535
2552
19029
261940
43026
254353
31605
137865
32662
10808
234212
284130
223033
35272
281621
16022
12897
45312
53455
12445
269695
4177
58268
3791
76896
179661
45520
193997
175036
210318
5821
42804
40916
294607
27642
2421
33740
17815
6768
18192
153613
28400
46270
29388
12619
42922
187265
23992
255715
25526
50334
48573
15765
19192
15598
21248
171174
145577
34460
46909
169060
71306
77807
51857
46163
20836
64452
33486
280067
207719
248235
914
119823
299115
1130
123388
16691
214371
37854
43677
40567
270117
35095
61058
142448
48960
38232
21168
186579
66596
44600
25774
58402
56979
252414
25142
18530
6348
37227
266771
10902
38678
33633
278899
4909
52288
9618
47328
222012
107651
31088
97710
49162
26915
5934
58549
10268
8151
170484
20300
275710
108271
45669
209470
74843
53031
272991
162743
36913
3666
1499
211405
283354
13874
7461
102135
28190
4016
46410
25325
131157
266615
50803
86897
98294
63849
5375
50435
42873
34626
44765
29179
21766
153025
27485
27033
18092
260686
49658
50984
36732
11524
141687
51797
51553
55092
50564
11895
20333
12598
48755
77614
48763
28451
274680
47227
32988
16308
21596
288
16928
51290
96839
273453
39527
55950
3257
195946
260624
29874
210105
14438
26926
261561
90062
21434
132084
28089
228839
6729
7482
142128
146282
2313
244633
56027
289307
201159
44348
166803
83234
1219
197538
55636
56781
279496
469
47910
39486
10724
170763
115353
92062
207899
38822
14549
118373
15637
175703
49636
32126
12762
267381
23046
5719
26772
229152
34243
89089
134075
211032
19043
14912
72520
27535
216135
36916
23344
187539
44675
3206
38607
56538
17576
192085
41995
210938
93815
252266
37009
252717
291669
132913
115998
143691
12248
21849
120491
299282
186989
17711
11919
240966
46510
43431
14465
32153
18128
161303
16
41934
7130
26578
46799
34494
285199
16629
84141
55284
188913
37357
8627
224490
27743
14008
106608
29006
64224
43804
18733
104321
28997
56012
54353
143950
20923
164817
7356
28835
48141
58457
56751
23536
179869
24479
28318
15727
55000
7574
92438
46981
21283
257001
46393
31645
153662
111795
37011
160837
49983
239490
36184
25346
93017
16917
238931
37308
6855
23247
203209
43439
53109
157171
53553
155120
192844
56504
13187
210699
7473
31136
54892
41910
254603
20237
268897
34119
28793
48702
153187
66211
218806
77809
27007
30477
70116
13746
99759
44544
12923
182919
30046
22534
188513
25201
88779
67415
7805
57928
96974
51741
79638
1460
16909
278633
90914
43584
10877
8547
41757
8295
50720
142408
13959
58148
70566
62033
145633
196283
204378
155453
36027
36191
27021
5873
26905
128342
45650
4753
15304
4055
6530
250700
106332
11710
28314
43041
175073
25122
19479
48858
10302
57967
48794
276759
85108
1053
20453
127676
142750
58190
7263
49814
236419
50463
28521
49198
30160
47830
11681
36988
36038
3215
56936
3762
83077
46517
31661
32803
39709
2371
36624
6219
12811
58842
10280
49671
212183
23371
104974
52149
24388
8374
16996
62356
273021
57004
2393
295038
135206
54427
50733
10644
159169
6279
7362
9500
46644
31895
33
29553
282344
116802
16180
37182
124294
251029
41719
30420
199592
16709
265488
81165
44026
24996
65101
13679
38825
176650
57946
38312
21844
89653
132788
31889
43280
48486
6830
30185
4547
22954
57273
27735
5043
15574
148919
26119
1696
71994
135924
36402
34666
284045
234227
283175
162571
1589
25222
39719
109434
25888
291677
176090
47048
34037
12805
19253
49166
15913
28222
176334
223579
34223
198013
21531
28613
175195
547
6029
30302
242313
35700
260451
37852
29975
6859
38715
67350
46936
30466
148153
5246
55483
49744
34753
26946
35086
157631
150673
7307
62959
20159
50460
21808
282530
58827
44153
78365
37722
47410
45049
45634
15980
33338
2120
11898
46304
131298
37713
52557
187495
38151
47012
17116
36981
3466
21672
294980
37236
195341
225557
44927
46764
7230
7815
11624
60606
25825
50801
96952
253779
27702
6684
82880
57717
51971
15124
44358
59013
230485
2546
51126
62898
25797
212346
39204
20
37648
43302
8275
162941
23655
179370
20249
7427
9355
14520
52706
2025
53202
187232
26591
5568
19620
38710
40392
49679
75653
49867
14869
25527
10318
38841
29833
11674
277413
45826
151791
289159
46544
4880
138876
39628
183467
160852
55875
21389
35294
205535
46205
40264
136265
34987
19821
61871
142054
290440
249281
24494
23877
16067
53528
50748
37749
48945
192706
16790
255660
46482
131814
54951
10415
56373
229897
262674
52203
299798
285253
40562
38778
108460
218366
180954
48490
19255
89277
77268
58350
55241
49482
1194
48115
115488
16245
187578
95878
7676
148810
35164
177443
25438
25070
37453
27673
26694
123748
92709
58602
120049
55151
2262
280209
179812
16589
28968
38643
55319
175099
31494
63266
6161
1355
13404
20583
127751
30118
10084
10762
259338
33003
52584
12919
98538
66036
45628
134289
2277
12745
6548
20341
121788
37734
57655
246303
38293
30544
48078
209457
243037
179914
130438
64985
60845
12813
22342
44196
44878
285217
37581
238099
42229
26856
14575
128187
294963
29259
220
151627
118488
50341
35021
250677
76319
37824
97984
5738
2364
24911
114230
4945
147476
11983
22446
12730
38909
154746
210148
3451
27791
53357
280053
65
32269
7433
20449
40690
41211
39232
14576
6988
85450
29465
34514
192671
204574
227187
49150
292678
29971
61480
20941
149641
58523
139892
28819
6907
31400
47432
57758
48376
278488
45169
42018
24177
14837
81034
55417
19569
9139
44968
254831
7647
171494
42836
59017
57923
254036
64301
10234
235957
130495
244151
65951
41696
57283
32211
106024
10130
35069
232489
186418
138970
23402
31496
38505
297192
36537
217413
71506
26956
46767
6076
51023
48654
11709
144064
263415
51578
21977
42624
29044
15491
44279
40403
25834
40938
54683
3134
149664
49263
57231
33703
36258
30355
173957
7288
36572
200943
13506
26979
54670
297601
237254
58205
218699
40915
49542
19273
53681
269582
8260
284805
51787
2224
6473
41411
269101
216695
4015
4810
894
226792
4527
14897
34787
158113
18908
217588
148170
54796
174373
7912
44978
166049
134741
62214
12839
278231
256694
103948
278319
54678
44837
26404
149688
246764
47019
191812
87148
238120
4536
102063
38307
56096
57135
66694
25105
33310
13706
5983
251836
2871
147981
201184
128313
17212
40042
164542
49633
28084
35821
10316
47082
27857
21360
65813
38520
8655
48639
39396
27200
19435
159219
54231
37218
177586
2999
40
44139
53124
16760
44685
15981
240489
9862
181373
9651
292398
30287
255150
171873
213396
137161
20535
51365
37322
17211
1060
50817
281199
22142
57094
33825
123593
58008
236186
930
7875
220687
19089
257345
28627
67378
29740
200999
5269
30658
101077
6078
219589
36845
126270
52623
58507
66317
253076
12459
25662
23228
39645
17067
90930
23342
53750
182367
44431
38669
91145
30936
57742
217917
40539
139361
229221
9929
13295
7413
51564
3373
93137
58028
248716
56847
22760
39828
43154
50735
9771
109106
52843
7418
236974
297797
41431
156233
9415
196604
278621
19621
720
21009
16161
16130
154381
217090
11664
24786
22761
44223
39420
25821
249163
279645
57124
22185
266290
1745
58030
26981
24864
21720
204110
151728
86580
296902
174312
290570
82330
143129
22712
52268
278762
9640
9020
13363
40662
79113
5076
81629
288967
39301
80104
57784
41574
243195
1415
52881
63981
265175
18931
46076
147801
44920
50268
18803
160299
146802
120275
2226
9900
57112
980
239232
40691
78156
25807
34675
4737
141422
247655
29144
7894
228353
48056
56053
272922
7040
9844
15410
11838
36275
43292
185706
33283
37804
25269
97831
5055
198155
210626
15184
6957
38174
37436
54161
2739
58409
32262
53100
62973
2586
177441
7901
4680
19608
33392
210819
146594
1474
47787
42075
95451
241169
37281
97409
7988
283947
172850
17547
166447
190324
14649
24242
24326
35852
41566
54844
26954
46874
48235
241597
241204
213397
4277
11291
27698
151188
47864
77948
202121
38053
180182
90037
15327
16284
35847
15592
21551
67490
27874
229308
57608
13903
34690
296518
119577
122319
38261
20026
25166
59213
18325
223397
59937
56741
35490
119435
51
9913
49598
41067
273715
8941
55564
36648
178146
6646
48096
116034
261264
36040
49577
275814
195380
139370
199699
14387
9356
47689
54355
26823
97883
52634
17991
45674
68925
13317
11976
24606
70268
26190
145218
297356
24074
99397
47392
63760
9484
70385
44416
20125
55556
18411
32308
24961
66754
26536
20592
80285
273976
52580
55538
24027
219270
114511
25010
8776
53263
64806
23518
19929
165046
17868
90175
40060
29362
8196
12232
201318
232508
42371
41241
61578
190477
217206
279057
19333
18536
37974
49229
38210
57562
51163
84907
245810
43753
60159
8002
44233
42853
281317
33913
53950
206964
30238
234187
216793
42490
10446
20888
45935
11772
38899
48889
95252
172114
78686
5311
115684
30470
21406
53747
45332
31669
243773
35019
178498
254661
17820
30392
44099
44515
126126
63346
40364
242645
27319
13422
16720
36224
51215
48139
240529
286295
21788
52110
32031
23450
28457
56196
56220
286319
64018
12501
55790
41128
8058
213617
5678
149922
209486
29423
12534
46675
16922
98603
47130
88264
98385
243676
49282
42294
52216
56348
22348
284084
30145
58620
170997
116008
30190
60014
5146
258141
42536
71798
25798
128175
41748
207832
2118
18
16254
2692
15111
162149
42447
6122
227180
904
34125
146531
34306
60088
40874
157100
296886
28341
127685
24086
53608
21241
11369
184011
6386
47528
43944
31954
299614
23002
118433
15164
95648
31690
161753
30620
117002
173130
230636
16088
21263
27147
27653
161690
12168
36222
299346
37325
197546
151018
46970
254504
56922
95265
6637
50470
211676
259929
1695
149335
22146
45991
51923
20464
12450
23133
25156
2342
282494
27537
292870
212899
9266
10284
21509
17517
57550
26547
54188
844
14970
25151
1287
15193
28412
18551
114601
96330
264778
114030
51567
262165
57893
117200
66021
32148
43562
13456
38803
256729
8390
60490
157883
2526
299988
196140
297472
36438
47660
187460
32497
39549
280905
57127
3209
30491
29221
56951
142380
17453
235112
180160
206
1899
17777
222682
25194
52009
35603
1091
48007
877
50445
56069
176455
3084
43293
47900
115206
276035
36870
37719
820
39382
12121
43484
57812
261770
271536
8369
50464
38856
1087
227354
40475
14741
42400
54861
35682
162475
123140
26411
5743
219492
331
80309
29263
42368
24523
41388
57587
40591
46350
25427
3665
9928
5119
38751
16239
18585
9035
79801
14408
286999
23618
24853
22517
72504
4616
87412
53056
7685
106520
254921
291137
179379
45256
25469
53828
44815
221239
51966
275139
66938
6893
214432
18523
37262
211497
24947
129784
98157
14543
63554
238589
157259
92793
44001
57680
