77299
165345
102863
8976
22797
83173
132328
270497
20730
29467
26624
47881
285776
5791
105332
20525
447
10168
9507
22389
165979
20155
21785
9922
40030
38199
18060
151065
91124
96557
298180
571
193827
148148
9434
15169
23505
15745
9565
94621
109715
17885
66126
25823
15475
92328
19946
12720
11828
27723
17479
131399
11867
179712
254267
26968
4458
100426
161877
17317
7156
184591
251116
23117
287540
156831
30407
7090
17896
2579
270749
26193
278942
3466
86568
229406
4982
48570
28989
180573
3575
246229
23291
10944
30801
30747
233562
18664
146494
18347
28110
19658
119252
220570
33396
5913
292132
201013
74947
83145
28845
45585
157674
226844
125467
11219
26599
282549
182248
36747
140924
9877
17994
13111
267814
8627
202569
59188
246638
206827
11660
13790
217262
203034
3970
13882
27136
21154
7068
29595
109364
28208
6412
67714
26994
133619
26270
6220
23361
95357
164404
240687
27134
273904
15039
23242
1427
81653
19083
299543
100909
4166
17849
1229
254497
28664
18276
25436
22062
8079
3581
11295
14891
3355
192526
120515
30476
6134
24577
12583
8576
3941
85775
22647
207365
2006
236116
10607
9756
12083
14916
2611
243405
9210
63013
6213
66232
217755
136493
275
208065
50943
13555
17133
21592
145947
20178
8634
62730
24071
21613
75221
8365
132959
27158
97616
17362
2379
34237
15144
256551
23507
5282
3641
127607
12324
30665
175129
26577
223642
2274
283338
33879
96217
18963
3289
11283
82672
14576
16699
18937
166875
251986
23187
13805
13612
1531
25114
3482
30585
11092
25154
153412
284165
5292
28154
22273
23617
30899
60706
241010
73386
3487
18265
83329
15995
6188
225272
205064
162610
174321
12192
22690
164597
18947
244866
11127
158399
4121
10417
13737
20394
14408
435
94553
26259
18229
236067
18332
16340
20548
85114
279809
102093
20604
39496
132984
1052
240882
25752
3173
154819
11658
21395
65593
6281
190906
226004
255981
30972
210414
247464
215170
249044
37650
223806
160366
110727
148194
29364
81072
13784
818
250721
94176
245632
156734
157712
136449
7283
27555
8672
18373
17379
8441
295307
77105
22133
5911
267310
21427
21310
18219
20907
12756
21443
256860
126902
260925
238208
21715
112036
12198
213842
139096
29752
7822
88593
14650
72760
27150
19260
29511
23967
168240
194711
16283
25316
14165
46707
3854
26183
8865
98442
11901
10781
239817
8781
179036
27800
24900
24148
190250
14652
7074
18074
221660
271790
8605
18194
14848
128414
47537
152693
26411
985
246564
232535
1861
173525
16541
278738
2238
116638
148846
18569
22340
283688
16713
21313
25895
34906
34191
270503
45421
17522
20634
135341
200721
182042
51728
183312
27294
93668
49543
58424
161
257704
27459
147040
14474
239522
29320
125348
24992
21070
24944
267384
225972
21263
22117
12801
249481
147247
88745
251880
7375
40108
88385
6428
217732
12825
27330
21403
21275
106847
229071
10385
133005
286773
22440
80712
233806
11852
5572
25893
12838
13526
29142
20131
76185
11385
203769
8654
178992
10113
7588
22851
9293
21331
71227
21839
26505
212735
7712
92825
20132
14060
251886
11623
18104
45848
275097
12360
12482
273106
18547
235342
103470
28262
20578
15439
9367
22553
89462
108664
28881
20114
86963
13447
26379
288079
16768
13367
8525
65446
170339
289301
209284
3789
217562
287612
285528
12604
297840
100836
21952
8219
59923
7984
298252
201493
27716
39917
20756
6802
33541
123743
15089
13781
24551
838
23959
20290
76065
21191
132894
71619
11246
192822
27836
111595
114556
10954
11138
244932
60183
245699
227764
26147
246731
3812
237757
134997
124959
96857
2780
23164
25340
382
7248
28017
109546
10890
10062
6726
10985
56
7441
99295
23061
12174
19088
275504
2002
199605
42063
279496
20232
202232
273285
174867
27908
191313
24705
2558
27467
189847
189819
284233
64441
30139
171241
188376
15161
9658
124176
101654
30655
87707
22370
36479
87837
147300
33901
71835
107510
241840
100407
12140
264962
233586
299322
14288
20422
241448
180520
89857
25497
98984
213929
55035
8119
95999
169404
281526
24929
221886
1388
1116
9633
234099
251979
85588
282690
1169
181641
29535
128298
159438
6176
4526
223244
25737
20070
293031
29031
103066
16004
225396
11364
24372
208595
9851
174658
31301
3631
300
22245
206244
146540
46431
12282
258660
99505
3176
28519
11729
195038
61584
148097
8851
161621
4006
168992
16353
2398
3380
81237
221932
75114
14612
69212
26842
4538
22430
11450
192375
183454
118430
10935
247542
93946
122217
19678
243292
110152
283564
16966
17779
274243
222261
19684
24590
7853
13869
70584
11932
31145
12795
93852
199136
3809
97764
10882
217304
58909
200321
28926
22206
12933
279771
28302
229147
211625
83445
15433
166807
267325
16106
23261
14004
73417
69980
68220
23679
160999
87011
91025
122242
64027
3128
46936
5522
138989
7104
9465
121085
162242
86197
171677
283128
32396
192182
14312
47642
15964
22263
252324
45334
70754
225642
225479
126897
34999
20565
25659
94097
293871
298915
285625
24582
30141
259759
27933
194041
294783
25763
8499
262607
14093
28416
19891
17178
180073
175002
21768
51809
26051
13550
16810
17936
49135
177743
4427
255043
5121
18769
160016
39634
7153
121893
170843
32466
186589
6177
6714
2692
23276
15197
8400
12975
13067
63997
11706
5810
38099
50169
75281
243559
14103
15727
290676
186640
24133
298917
25281
92091
25086
52013
215932
79808
45775
99964
14175
203878
70943
452
27481
274331
154559
13704
20261
14484
1724
31089
200759
197943
18294
192519
8027
220965
4226
10805
267607
123812
24700
12112
603
30916
199716
20739
26293
19647
20162
1026
93780
38325
13839
102851
211646
21490
91958
5992
16165
138381
6273
36567
10229
11081
15951
10601
33081
251123
9561
16777
292336
147456
177919
230630
14957
16658
45093
160660
12576
3956
28859
135466
95173
27967
28009
6668
3264
23052
142789
9150
266345
27382
197885
18275
279813
19663
22947
17222
55431
9184
141416
24123
24745
70841
237165
1708
102100
26955
15454
6876
12876
98295
20798
15790
26118
79708
277127
3749
4811
223191
217132
138778
18424
14879
22710
154705
176101
13510
13939
17157
14143
20248
3299
3837
131664
281165
208543
2351
2513
25595
4094
272813
868
2525
24232
15891
24209
49123
29700
70467
68498
119793
9226
211149
57960
23434
21063
193678
285781
4494
108401
155807
212109
29194
9025
31043
220572
4393
287070
17194
240244
214380
134790
208669
5115
15991
251517
30047
179474
242666
24448
143849
12115
139664
170729
12472
237122
167935
285377
4539
36144
170019
159899
2759
23364
241602
15758
107863
3913
13134
1123
20861
5012
280838
245896
13122
30788
6538
1949
23870
175220
75905
22587
291073
4800
160360
20659
144426
28023
9964
64592
123226
63349
204292
20367
130169
145263
125572
5049
126792
27418
15083
41084
1519
17303
103786
22435
28447
25716
61930
29290
16149
13495
25190
19067
53698
16781
91234
9090
28643
2099
30822
218438
6643
36367
21067
29007
9794
146339
23913
16255
17938
54921
110855
153376
25654
13854
11453
153062
154523
34744
16140
28297
76174
222234
3813
288597
28505
279157
211718
215441
69357
121470
25975
17603
44689
17864
18670
9808
153620
120880
14564
119264
9320
120553
15511
79053
27846
4844
21475
33728
173606
17687
15392
5042
111661
18434
2686
16403
30293
33836
34381
87562
6056
38867
11643
126934
22482
25090
213752
20702
207284
4318
11391
169563
148950
19670
17121
8856
17307
14909
59532
26512
8768
14159
12802
22253
191239
275065
98194
8375
184206
18996
176719
114860
29480
18666
5085
178906
13282
159721
87418
16166
156995
169269
20416
4078
46596
30870
1115
22285
259358
18462
135963
184996
10764
103329
10962
21489
7429
271812
189376
79201
3212
281663
9292
37544
109832
16957
5080
2294
6900
220051
6530
112166
10561
277139
21266
298348
109608
14965
12315
29761
8827
3384
1624
298527
184061
158321
18302
21408
122934
9734
170107
5363
253444
9229
17731
25376
31435
28694
23335
11557
28005
23041
8438
24740
6444
30430
165550
68807
8198
139337
280665
9970
20783
14363
24411
37130
264882
25272
119286
50518
106127
276667
9698
136214
36841
39967
13412
196879
206604
215417
1799
228212
5117
5609
150511
129398
8935
97188
281580
19600
8272
233043
105178
38587
4171
3630
34537
32421
30684
20415
27601
172270
2934
16788
295537
12602
28922
1383
9752
13828
84060
295291
37166
25406
91147
262095
19816
27140
120185
239094
12169
219699
278839
117385
21399
82663
125821
2508
14923
215171
235875
76973
25670
151236
253318
276399
3279
2485
30103
235554
25457
13065
275062
12542
8104
681
88620
276595
30742
262982
11787
6025
205772
33508
103420
20411
22229
4229
2120
13275
77788
205636
7213
203843
18734
2080
5206
24469
6395
124237
286941
28875
6554
254542
90919
1570
122208
288043
15463
109963
12609
23351
31021
25548
276209
10684
30921
217242
187653
114234
71388
136511
18897
16985
17859
211155
292218
19504
30526
34185
13807
4077
10816
35678
292506
9686
112054
16042
2758
5327
40491
276385
292052
14649
122160
26102
15340
235053
27002
15832
28156
236345
128087
5436
68654
26112
414
23225
38883
234686
14270
26548
9006
20877
81216
48211
20082
12047
29256
27522
95933
163659
222892
259980
222990
149126
238429
10163
9657
8395
16377
23137
72854
36623
25482
6883
12855
25195
89633
202196
7211
1221
198481
13742
15987
31289
14669
86964
12223
3440
247054
278038
24040
15412
100163
1217
219488
22798
33112
9843
131352
52092
29885
16419
3597
166930
127502
89977
18341
1168
13652
30508
280978
206557
79172
55468
262278
62922
36885
6805
221763
7722
200359
280922
35742
23635
2010
16934
24116
27227
20932
117279
65774
255202
246561
21136
22588
10569
11784
167068
9669
10691
11839
43689
28103
1023
147145
241193
90820
271589
14764
283655
1191
29617
13110
202396
293816
249166
118326
122175
10824
178555
2970
61676
25250
10593
256636
18143
118049
3820
95330
292104
288315
132687
76210
181069
24773
10401
11293
5051
11378
290646
14681
23995
239718
94462
18771
32017
25323
147101
11326
187
126907
149324
187038
253246
253459
131751
220921
5788
11730
10325
80577
138590
19328
232589
87162
26298
7594
77433
131157
27532
109037
125938
38665
21965
136197
29220
293609
275009
11594
268133
19050
59609
25039
8003
14496
19049
12434
127372
49770
9209
18465
64783
14102
21963
20309
16590
174813
20509
297945
256423
143256
29982
12514
30320
170417
4801
131076
16614
19908
28797
22840
276811
253889
145356
250199
260695
247485
92003
21805
243933
27910
24191
16512
160746
11220
31521
174266
208895
10632
24901
4871
13068
294547
8894
26185
95128
263257
5316
3062
48212
156681
8944
244472
2524
49385
10097
23453
141118
249984
68112
21214
25877
71156
5597
18378
15540
27174
10530
20792
219809
117050
27679
27095
184352
230687
40885
3512
165673
18185
137
1132
19515
9893
3422
127102
24354
30309
48227
14908
2912
179024
171382
88658
10016
2719
26853
138056
37785
226388
84788
25471
212241
291308
7697
239079
155643
8097
261798
20258
223081
70883
263336
28816
12546
196111
180940
154977
27837
118140
223925
16390
5746
271641
11861
198836
12671
18488
129142
2052
131416
9762
6719
6059
280940
49480
25239
293881
263974
37463
237570
21200
3904
1478
29516
30785
1899
250207
15711
2028
8681
81428
10673
208634
30378
29383
3288
252500
233948
222751
275538
65130
12960
19353
6958
261821
216468
178819
28013
132431
234497
7919
8327
174690
21356
245746
20867
233094
34145
22490
152585
9139
199705
72066
14420
180433
5989
6138
15362
21778
25075
128815
17605
11296
9583
16443
18933
16416
11766
162280
1982
2664
25710
5705
204829
11340
4492
1741
57846
7092
12121
105402
209549
13827
160937
12477
2728
207389
126684
30390
2760
195820
16456
3211
26593
91327
264280
4889
9118
18763
4715
74991
166001
264018
4416
271430
9679
105426
30518
20655
297793
4469
262171
5573
181225
256479
11366
5843
25637
93448
13193
16467
2094
19703
866
190335
12414
20250
10313
21709
247681
17087
25770
19114
237196
8381
93449
130392
35876
28389
17905
298075
19051
16242
4672
9425
267464
98379
1396
12626
124579
268410
20551
19007
7163
4683
13527
276644
255756
16057
219957
2406
24010
195868
243493
130506
34895
259003
23627
2763
25187
23811
19380
20492
262571
29547
27347
266940
291427
23518
18610
187462
191585
179401
22512
239548
27173
50251
6740
84861
5618
273879
28424
9195
15071
282084
68827
117247
162434
288139
21172
211778
11284
8521
30130
145291
9227
19901
4917
16167
6575
11732
271929
19094
223643
2713
288053
24314
51331
60032
199355
9526
572
21669
255529
11207
17998
26519
28924
10326
206683
243474
151572
108895
261048
94529
211981
4256
22848
30433
29103
190060
687
242281
111446
2650
135151
269149
4821
13082
2061
10692
118689
10635
294976
275515
127676
101622
28062
131911
30649
371
256923
175868
249364
123905
4553
180083
22391
210828
11796
268685
30159
248582
14914
15922
13556
66668
202005
10839
281152
68944
20092
223368
29268
7734
6358
40260
19270
28676
14820
23914
279816
213366
18563
1039
281679
82358
23622
201792
29028
9995
10551
9152
158511
229512
24176
16566
9332
4296
116720
17217
17918
284612
217699
11781
8806
121875
14086
282516
14948
202923
18727
222391
17613
192594
27238
90270
431
2183
65188
259834
2782
30850
161183
15406
91839
25826
154247
103015
262772
6222
9003
249981
233999
14731
20359
12594
223767
148900
79546
35934
2929
91611
181451
16710
89833
29164
13752
2180
14327
109747
11417
245603
21177
15370
690
19298
13916
25307
155608
18128
161892
30072
25059
228044
13938
12606
15461
2493
5257
178056
22149
237815
24054
4542
19538
12984
196451
115116
8000
20272
233072
822
252629
13461
28549
22546
12390
26375
13719
22002
18481
69234
238682
10993
28799
1284
124513
143014
47445
77514
13050
12585
217860
2615
26553
222481
9881
89890
8367
29314
15431
23063
30099
150626
95480
252398
41031
252601
4858
8729
831
24062
1648
92808
1008
3992
97410
20396
31072
44291
22505
14135
146598
10928
26617
14247
20103
29783
125845
93087
216878
20953
31273
29646
27760
28502
188001
20817
119680
3148
271567
50910
9111
8626
185853
731
208420
16842
201595
28960
130878
16986
1137
30382
179901
25058
205384
240735
17274
189787
27202
14702
65190
175947
17241
146088
102961
46378
5845
215069
163720
74862
25473
2364
180970
169620
16466
138972
63607
5735
57479
189948
7460
8665
4113
242647
6572
42141
5459
237253
30989
7955
72054
2602
24665
242352
17572
21125
9498
27930
189711
24162
160082
27478
133274
88123
27999
9056
257141
112357
53166
80318
9866
8168
252737
271251
30842
6318
10240
25055
18536
13667
296911
17544
69679
283742
24075
9534
71743
8736
224859
41082
22603
9531
40758
43920
10894
266895
23839
16891
18390
210309
9420
275965
12356
238687
23127
43692
27262
42997
16574
1726
80612
38626
4460
185982
9283
18231
16397
18864
46453
296144
195127
18214
194766
285618
23056
185338
205261
9391
134252
23912
183082
286405
94223
42069
169618
14222
14536
26022
3895
2258
214867
10576
19129
1434
12433
17309
162920
1335
31114
19526
27135
202486
206093
3152
53485
74369
15324
79174
273692
11145
128947
187215
31161
37732
1992
27903
8897
58481
13350
28094
144840
278670
108008
12813
197293
37679
11741
35621
34831
124291
13924
25757
189320
98072
17520
25166
148292
297616
140061
15230
14656
18512
29022
139889
17630
9158
3447
110813
238353
252602
106569
15581
136481
27874
662
53886
135650
23244
89096
255879
14841
166462
252777
26965
184759
27196
29506
23412
20919
10590
13543
296347
216122
16216
21113
42219
205295
85173
157019
10430
131945
195186
268394
162299
80219
29696
229167
19650
26972
28158
30274
266966
274959
134088
23573
22966
247568
27636
27413
68083
96775
127269
1765
17227
25170
12701
33693
14533
282790
152329
1243
15418
129424
8439
30749
50477
111959
73090
20129
19959
101369
3244
21080
243095
184281
15883
14052
3707
5110
270434
43096
5664
26200
21321
9287
25576
155709
29774
97402
4523
5958
13894
170236
24002
257405
17445
27143
136521
167342
291624
179594
22670
293225
159554
31097
29729
16612
239567
56152
226195
200913
258591
115138
224425
25798
166491
3768
230399
176110
28206
149225
26698
22978
207917
21439
17376
13477
273869
30629
215944
21539
21975
220775
9479
240755
176008
123257
26474
68779
152216
8066
21347
91872
149346
256316
134288
23526
204224
21011
11155
101452
96490
43736
9000
5440
20437
4924
239747
28793
26637
30021
242119
157904
11442
83526
138187
6485
510
2553
3464
158970
272987
149023
12302
35331
8347
232665
43532
38529
26235
29284
16221
86454
24507
2412
63123
10059
183481
22746
12278
19454
180107
40573
27031
174592
8668
23358
7690
11020
17433
23677
10814
32858
26787
3996
79041
159258
23589
11046
259021
23375
30765
134810
18975
50877
2170
16709
16537
24764
1813
295049
9512
25339
159836
29611
6889
27161
23149
285511
49473
289104
13758
24719
23684
1736
28880
11663
13028
116694
286562
143896
125816
25233
161736
148621
20597
1800
279308
933
38114
736
247233
10842
19680
23314
297032
12739
9696
23121
15726
7994
92370
252111
21629
27563
22857
277521
10001
5875
12910
193857
94875
19311
271219
12367
12037
100056
4168
15907
244530
247658
18437
30623
21923
20998
75112
24568
116577
28682
22686
15950
27667
73812
74712
15599
18108
84890
23593
29095
29825
24493
57310
27288
13856
245297
240266
11327
5922
278057
17349
9074
1573
18064
16929
125893
36627
201302
80496
16475
17353
24084
9384
52155
17587
243821
28855
16604
17468
29584
329
2186
28530
30198
120036
54505
9103
159933
12256
126900
186777
7012
276309
22685
18271
17119
13198
217395
14120
133661
277796
4444
27880
13312
276746
189362
30162
169094
278949
192223
30865
424
21103
103863
70933
232855
16904
100754
21030
163799
25234
10621
84335
113680
141275
157454
297057
102681
9418
65958
18003
7963
250854
101146
28181
190362
3987
8061
7773
33524
13732
174021
201756
289302
7858
794
14396
8046
3425
25266
22123
289625
13900
119218
51001
28338
25687
3397
159861
21469
19662
8004
1497
20557
35468
23585
1751
105
26107
82781
67042
18712
121767
283489
17802
272820
4826
251519
212630
29606
59848
28255
161474
133678
27385
30165
203873
1501
62825
4662
68380
19214
1496
83927
221705
91967
29436
276315
242776
66467
8826
5635
1053
871
121797
17018
2864
92452
109430
8288
94897
238901
47948
279008
291052
6482
8456
149052
7171
123444
9896
275140
137903
1944
23749
125725
110549
144443
19163
24459
22575
30457
267686
29183
30158
150099
76142
185817
105036
29601
17701
262302
4145
14354
89601
83046
86940
24743
20761
40882
107237
55317
192747
3881
115914
28532
288717
42462
64
29589
187549
16550
29168
2966
3388
5566
15246
165459
256139
173794
20778
118377
19877
98021
4768
7298
153012
21139
24654
53165
6224
18192
18850
24746
19553
231684
16744
295454
26942
28471
92899
17413
11872
10485
253473
19293
1134
6197
31462
146792
9187
11251
95720
26504
28254
10196
22241
258061
235083
29748
106124
22551
189794
64414
34366
236135
158009
141441
30566
27144
18683
3889
30766
49919
271067
969
8024
22368
36493
153349
25148
21141
8201
30186
169184
20355
5838
20980
170767
267373
193359
9833
187415
189793
7985
244442
117806
22762
9002
31124
74528
191643
177419
12846
15443
17063
188830
22674
6966
17825
43897
104008
134500
207679
218858
22988
284864
165762
206628
5935
158895
49851
7923
133384
250
186599
260153
27647
15545
1566
21751
211821
10735
152531
9622
113450
3515
257176
4129
20256
221628
88486
14319
4100
14993
24596
169972
323
195235
6504
207559
16093
26863
21360
203105
19567
127214
4799
103815
193367
257346
96611
16881
6119
27
177157
280466
7327
34722
193522
149239
213384
141438
10853
12345
187694
5654
19597
18131
270632
144824
1626
3711
4718
16237
98836
13919
20580
3027
210276
187531
12259
30270
71942
21854
15110
135324
154089
27433
187068
143388
29585
14978
51795
210919
8621
20589
4263
81722
27791
47336
34436
28268
12730
26044
8317
59483
22310
106
26860
6880
22458
9969
21410
51530
25950
175671
6349
194350
8378
18859
17273
301
41797
227047
17650
114663
15256
1967
23753
57601
5930
17684
26064
29000
19334
2804
109819
10889
48983
226347
130582
22795
31397
16641
200465
185402
189122
2583
29933
20033
184832
12478
11745
87396
249026
72379
4400
29703
20875
37931
15582
64559
102003
50082
20009
156146
143825
27618
19773
9958
13207
28461
2396
215451
32049
28561
99768
80020
274166
7760
234450
26607
15791
11702
96293
13092
203909
144405
9083
21874
8486
2116
17532
7386
241644
55637
27212
6886
293725
15525
17305
244962
44985
19448
201128
54475
101705
18939
14687
13141
3554
241087
4516
231070
209257
33028
122523
440
1010
53522
190200
6461
21062
34665
66234
27901
30572
23078
28407
288909
232026
669
18101
4731
24297
12450
15530
7635
12930
20793
16119
17805
296370
6980
58426
14485
1772
205412
14128
21924
28003
151445
19965
32959
13379
54361
29717
7977
22082
8613
2910
13772
18379
11692
185303
16174
29934
109712
113099
145072
19010
12081
21471
19199
8599
12070
26921
17257
131712
24142
105061
24517
184016
150335
70993
270516
24516
23222
16470
29232
206424
45730
15939
210482
21112
28397
49252
9769
157548
14449
13404
278065
255861
34635
7146
127429
12899
7686
27466
35922
155491
14235
23899
26531
25335
299952
21615
28752
28572
14614
102220
238082
163655
198912
124039
22991
231089
6277
26243
177926
102167
256717
7151
184754
26058
134774
182222
11225
16021
5060
26718
7763
14459
14566
78623
4042
245205
13504
98960
20984
10861
1760
85575
200309
194925
164704
257693
285185
18156
261555
17277
42668
13746
243613
25068
8845
5215
4500
48892
63778
22500
13767
133273
19310
17925
29969
1544
3352
233650
179765
118557
24081
4128
21524
17335
213106
66857
209273
292219
7494
81830
146847
13171
54417
3664
123145
12358
182505
26763
23802
9117
6335
249637
12958
37672
8796
126198
105696
17480
200060
21525
63237
118277
24814
166310
7938
317
97069
16222
60443
18751
136602
198944
227290
19130
31200
347
48711
256897
13135
18849
248802
186874
281065
20748
15899
162110
274511
5379
8705
1264
18596
135023
259195
20018
146536
20708
5183
33347
232027
9697
9457
134420
5813
16320
13516
35827
2157
199321
36093
76820
5039
11674
1238
277151
27711
15543
14552
18150
91996
261939
281120
2035
7086
185846
13463
245148
55368
169805
25607
12158
232798
273886
21614
103540
152701
12336
12893
36929
287509
200219
997
8783
116410
9714
29760
4528
48162
248211
35845
208936
17159
70356
18935
20926
119381
25014
11338
281739
283942
3729
36405
1428
7962
231030
1056
261548
133514
184004
25337
29556
890
16231
225443
48079
18630
250549
37939
136370
283132
30338
16756
4508
117242
37744
12683
130750
42647
23928
7975
29803
153436
158979
8981
27463
12199
285001
178287
11222
241537
28053
271173
3015
24259
273774
278476
83884
35541
20210
5660
273268
89213
25817
228342
7745
26181
968
3792
187174
258896
6537
28529
7873
182236
18521
24125
99808
187259
29325
47648
4716
110651
7295
149362
25032
19812
72725
19996
28142
129533
164089
91529
5314
80393
230360
279563
819
256120
5998
213435
21014
95653
23646
108382
23948
29993
11559
239496
16945
26035
15692
13132
23496
13053
14995
97548
12127
11601
186670
8767
167991
285178
70073
34676
20901
30092
18665
19340
15694
116826
7315
278815
29827
112409
227839
546
140272
20159
278044
7331
12213
287561
129951
253543
209832
140818
28719
152725
14002
50455
64221
161993
134157
157304
3693
225313
3607
9817
22329
176123
130400
5010
20124
182559
18690
168828
288743
12457
34963
247366
25753
19565
4791
277309
15870
11515
25962
9347
17460
19691
19826
151414
35684
7986
6424
295933
116405
22634
105619
259961
60367
17898
35359
2632
2486
81621
60599
2202
1120
105941
164833
92881
15877
64243
9075
14628
24440
6622
156248
66353
11463
1941
227811
170390
83039
14527
19383
8558
30699
5006
152530
114218
98126
10213
15965
11477
257
20825
45383
113835
244911
22387
111904
151027
28741
41363
114172
46106
63941
5106
4645
27885
66306
100571
11258
249266
2460
181160
193492
3472
1743
1832
8938
29288
121029
96240
20460
18799
12241
3988
18870
3240
143582
24094
28892
23449
19304
5021
5313
27740
172111
9786
25146
113562
114644
246715
8224
13194
3204
32989
24914
1549
12845
20954
277610
240743
46387
30001
17797
1692
23016
23292
58767
30077
29994
10697
262057
291984
22907
18946
221869
13423
107740
5494
274864
155698
255199
142738
295620
8520
54005
92584
225371
115191
16622
354
17031
18496
159593
9722
10498
101930
10070
6040
139516
193066
25711
248477
137858
255025
27119
37087
165919
242280
30898
22740
101612
14575
3053
4264
171053
14819
11579
293603
92970
264291
242157
70426
4199
208353
76446
14154
222690
19574
64590
239884
109921
157346
701
25505
23609
6075
267038
24819
127778
10896
296829
247566
7766
26145
211192
229014
32975
21368
12098
258936
12207
144137
31809
205537
242863
16721
12772
24213
23502
237235
225710
188046
30401
172566
38833
5828
152683
11011
218364
132267
29010
112730
19149
23989
262592
13165
12936
212160
249771
6392
121656
12677
170870
2420
257002
242392
5944
105508
243946
9331
182960
11679
4479
18972
128822
134874
19668
29332
11150
54481
15923
29932
107999
27648
49343
19888
227621
60265
16813
251871
161462
21094
157259
14085
268258
216621
8949
64075
17446
25571
43733
211396
30577
23371
537
247544
27226
134035
12284
13947
8548
28199
128985
62709
13394
21429
272476
18782
9362
28559
231008
21340
119192
188774
10998
199819
2608
7147
5273
12428
14308
20215
4854
73158
66183
168779
1193
29012
88355
136635
34069
15310
95153
22661
155320
2268
182997
79267
26771
93136
22970
29402
17550
15320
161849
25003
212037
74030
279369
160685
65159
24559
7330
127654
9348
158880
182317
286107
23947
145599
18932
83138
21710
4108
69812
30663
295753
15204
18001
15812
146334
1401
3456
82309
65833
24799
177364
3709
13436
125840
27388
857
107174
10541
196122
13263
9177
14271
26647
25435
4694
2975
187716
126610
590
212105
232904
24102
150152
278355
183514
12467
24822
29640
230033
15909
175609
23621
252316
21527
3227
165125
10919
363
162885
13678
119235
26465
119147
13433
3286
165025
4614
29896
18293
240944
208314
235744
11332
17634
115266
32311
28190
244200
150052
16381
9071
53864
13069
24532
16672
115648
11087
230913
8069
6800
108429
80524
171466
23151
4457
298504
292625
135
3516
24318
3170
21149
3900
23220
81088
19177
77260
22475
114979
140791
24275
26613
141263
269528
12837
16692
11224
14896
21101
166498
193710
18878
208123
291843
153150
14298
128230
15375
121384
219334
9010
3130
94587
11101
86515
103680
269384
159975
116948
20892
17596
16995
3994
48083
15615
284972
18172
8244
1715
95834
22426
90956
21723
10141
1974
7807
24379
222314
28691
20240
17595
159181
248602
19948
77016
229779
20205
88699
30931
190850
22863
185230
37990
1240
7132
166080
20329
275441
42935
10949
108561
7119
165750
5198
13169
9529
151198
228752
114
9438
278582
410
109128
25175
75734
288785
74320
110911
16589
22601
24866
1278
203312
405
135694
142848
7409
25549
30507
238920
3209
119046
37259
127410
25863
199050
235499
147336
101129
25382
26296
1646
15224
119803
14463
14089
31597
138631
139443
25993
25268
20016
187434
152919
7810
26501
8162
14906
28623
7893
158629
14897
6597
4353
28425
104813
17781
156735
12638
12815
37236
277333
44941
37077
29335
6835
8471
10494
98187
127891
793
32032
56758
78799
185989
184829
6298
138744
77164
293879
2496
65967
19292
5411
17099
26349
237718
21725
147652
8285
13011
106459
6804
24877
109898
18420
27888
25944
19336
112215
8047
57113
104522
55167
209613
116684
8203
54613
21821
11511
31027
12904
25342
23766
238251
7280
10497
9204
272914
20610
9574
193
2511
3291
7162
2854
14161
11622
283432
1489
15152
235726
23723
18406
15606
10693
65182
29562
55222
44085
20393
26725
24804
17438
22712
99243
24113
2149
149729
12230
14377
58210
196155
77097
15895
180730
19275
277927
29200
9883
5694
44057
98505
53818
66883
140768
3463
16773
299559
188201
1600
25750
152299
201544
28436
2978
160389
27637
714
7205
245684
262703
25181
30943
45717
59664
14225
6430
9914
16455
12714
250102
18913
128841
245557
1199
67734
28020
157365
22014
17665
19987
222034
24940
264396
150509
3715
28704
29840
47050
4152
236325
138789
23692
1508
885
217063
93073
30456
123936
28723
30272
142209
118904
29980
189913
155913
10725
14070
151211
12986
153463
4228
30877
201904
13626
29139
2852
60883
27704
29636
26
9245
15315
30732
17067
12900
132176
251721
45855
295262
12673
21367
98976
6522
29116
130058
38064
31974
116024
292089
33637
7033
14264
12411
234227
16942
11167
18828
32910
11716
282827
200371
273339
20527
200761
235113
27866
99365
5304
153718
67461
40111
7922
248130
1571
266845
128754
189590
16730
230914
221237
191988
113205
174139
119801
156836
31802
4895
120930
17192
126549
20305
2955
27776
7048
233036
234751
10947
158572
21454
37099
5034
8475
8829
120320
295033
15523
1755
5912
218664
9636
24525
14417
272307
13778
5505
14638
102452
97490
19835
87101
31058
5497
26229
4084
23414
262008
7142
10737
171909
157540
29339
8241
170693
11056
249088
19669
9478
2259
28732
82223
3602
22405
21568
286313
15101
28458
173720
298966
38461
231919
36543
5166
1940
136435
16858
93118
20358
11247
296061
7419
69393
281600
1286
123989
1128
2184
27728
23217
240925
119145
21085
10770
213992
6377
294494
4105
92271
192603
261038
24193
421
48997
11992
232073
16212
42308
17455
241310
196703
16767
114108
140
13951
269308
66640
61909
17769
269511
87571
115342
135389
58748
142189
19491
76192
21121
13901
68753
111592
12628
12303
16607
112692
75563
209703
45920
1898
9841
153575
270889
210558
241524
118031
93483
40438
58853
10743
17171
4154
2171
297055
83298
30486
240378
257792
148312
70449
130087
101150
292220
214027
262864
4983
20476
20719
18441
257139
116140
259088
17124
166608
139423
29898
28399
55681
29046
218294
15629
120212
232916
12006
72495
239798
26883
152376
46974
263329
11525
34125
21520
172321
248519
214498
2574
22098
44023
267366
251774
256376
14548
252901
18534
280735
10232
6302
37767
28054
163219
17935
124509
5766
16807
237882
297285
26768
215760
24911
19780
4550
22264
28493
176114
258772
23524
30434
24904
13403
29796
4356
59451
283933
6591
242623
97800
7259
7961
89778
2767
221848
14179
25565
28715
95452
71235
5149
51649
22687
12498
278399
4850
231503
28905
204902
15044
189645
13949
39753
3599
29973
295115
25812
24022
119071
17948
8956
13618
200642
22154
27381
24032
192288
64148
3833
29341
38265
77081
29269
299333
24201
21077
30759
244342
192970
24174
239455
163900
251031
111296
174997
98596
153336
11060
262813
3202
14983
216019
6903
13874
294587
18593
200070
216024
10529
142257
10247
76426
5297
16399
4066
185648
260678
239197
238618
6895
595
254458
240048
4514
95151
26632
27283
28903
11140
72696
31624
6778
3438
11331
151513
8819
9168
5698
14054
120588
30524
58537
279582
1858
14447
281694
20044
299307
111498
15357
4309
150054
23010
12968
94930
14297
2626
10207
8250
30903
30826
20879
22137
9595
8316
4215
18418
1999
23034
960
24272
230343
29198
34504
9775
16722
165953
18109
73363
16939
290225
11769
4211
124731
10716
10099
11673
25461
76761
30950
70487
29029
165905
30944
254171
27529
249131
30730
213546
293290
14889
10872
767
22334
26767
35745
6539
3037
14210
80789
12924
28534
51506
29312
18584
14786
298650
127672
14602
146314
26463
112597
13997
18491
22883
9406
255463
126801
18288
39415
22114
293383
3407
9109
178512
186069
60462
44243
215216
83592
11662
144101
16952
22471
211916
6225
178276
28696
63141
69894
251030
4175
174936
107632
20566
193420
84980
29149
164944
28915
100393
2946
30992
7517
3147
12537
163456
7083
33216
206445
6226
22612
26886
276140
19023
77325
180137
30445
139407
48586
170930
268599
9596
99199
31386
4571
208408
23618
154229
12584
258412
184165
12888
4306
283352
62933
29688
14215
764
9369
110009
57260
3624
10903
127034
225567
23268
7549
29808
26417
93365
28111
25393
149587
81406
221243
56466
26793
