8291
23009
234100
8850
50509
33110
16118
11815
28230
2416
230523
210985
295135
27756
30622
33698
225717
20391
46381
22653
268733
6049
136534
144173
26823
59282
104421
34721
95935
84273
55464
32979
40474
32620
278441
113319
29379
27184
68533
13970
20773
3280
520
1348
25049
97165
29133
33103
29176
11935
39223
2190
794
34670
199301
260923
83136
29876
2260
281089
29195
115336
255892
22712
234906
21057
238835
20647
13354
43334
242276
105703
283152
17182
23541
117437
267181
26012
138757
19069
111813
105482
52986
82800
166201
39869
228075
139637
1723
15180
80140
129556
151388
11015
33446
5085
13877
19172
41028
41702
16637
19349
107714
38912
5690
41370
169339
55018
99110
149483
72968
80423
202951
25698
6641
31755
263879
44707
29057
14035
28141
217089
170545
16321
148034
25244
105169
27973
205996
2978
18182
33531
22543
12596
17101
141716
34896
40533
76062
65105
19952
177711
296641
266572
14058
27187
13306
40365
10513
11197
72144
267242
23519
39802
29327
59932
24698
144948
12297
239398
2181
249083
178569
55905
42069
219882
20516
76453
26568
20846
104871
281023
40574
27898
256721
55964
96585
285399
28778
272704
168200
6238
120487
20552
28982
37238
16316
39341
7792
211386
18002
42717
12820
33913
52136
5851
94054
263921
56754
279974
19361
27280
10505
33625
13603
42637
2511
197245
5028
7399
24854
35870
206757
13514
12605
18642
40599
194627
41834
23064
15446
10367
191257
35633
216362
17581
98060
159656
116837
32986
83383
24734
20361
129806
292971
61524
6352
134222
123795
39290
80072
33301
9807
281585
21142
14971
29340
39227
190466
12062
39182
19272
276507
77
43639
26180
41106
37068
118681
228126
28427
34840
25087
279392
27185
150448
15628
176717
264615
14676
26466
227026
31669
46510
106365
120717
33573
9097
20621
279433
14119
169918
38329
224560
260172
121222
10093
12992
258230
175266
26111
150743
49911
190589
7256
20976
184658
227230
38848
42647
38781
201094
85761
30474
286231
49385
79825
36441
12432
20642
43316
10128
6393
281434
43614
16229
130916
267013
230691
114289
19416
40468
30957
35033
191639
172955
243573
25299
289097
52753
262817
208309
8175
125200
58599
189679
157593
61772
12134
248472
34929
58331
2896
278119
30055
44126
2474
15040
144818
277139
144264
8480
287286
178221
241125
198756
180038
27776
231768
2389
56362
30687
31338
34677
5417
215216
218599
259476
16678
137606
223822
280744
75318
4383
35856
88378
4418
271373
34594
11880
11541
276408
55427
290677
144226
293313
29771
152705
7254
12226
46854
194321
35167
18553
231645
114354
13619
255701
57338
20147
3951
244256
23820
265907
2467
91019
21088
42947
5841
85122
10969
42704
249227
81835
123897
348
227034
58764
256986
122827
326
149645
116765
88745
59969
9343
181498
248987
37042
207639
15238
130108
52623
186049
12978
223399
12478
263010
7806
43303
235416
114362
29819
158270
279437
7723
116635
296855
40998
38068
267779
280374
78650
6862
213324
21137
2655
65960
18800
93737
19136
39097
36340
210801
3694
19695
294863
37073
53620
1119
5236
45357
5291
61596
17450
293781
40152
4779
39187
277446
1936
35670
207468
38750
139926
35399
17523
126379
32142
23577
239834
27779
20619
221980
78801
161693
30819
1813
13381
1923
46387
2796
40444
272592
251799
282698
120507
59745
216888
16019
111693
36339
19701
247805
33988
15770
28059
19221
34047
22435
134961
15397
31314
150882
23067
28215
183283
35970
213577
139039
5338
12893
17877
292029
3968
21042
34270
42111
261684
20778
101788
30443
265651
25250
74757
40039
21715
169098
17994
93785
235033
183753
17010
8278
24079
547
39864
2156
7316
48548
42536
31675
86481
5013
19357
102050
17781
31369
106271
157673
178795
149995
34456
51537
154672
96915
136238
11223
34801
76744
21054
27569
230138
10483
286217
25287
182403
117034
21458
38611
274221
22741
64676
38851
22562
3150
30973
15780
107411
12874
181468
36062
251009
208841
101034
256018
13488
214861
150104
180507
38117
32528
17888
27265
292925
213148
27429
11355
29989
53556
22094
35274
283413
151667
40956
188604
27725
3365
80965
193053
121108
14398
288984
41822
190931
111495
146292
8263
49192
74924
123801
241657
25934
52614
41317
166949
25718
56327
36504
67906
10923
256247
68017
289804
1302
1311
52699
95954
298871
6420
299113
242805
15743
197321
27918
9479
165748
49272
33279
58742
27911
57422
211474
62773
281617
6484
80011
72389
7598
69834
52837
239674
40699
145295
286004
21721
162634
161346
71782
14656
36152
244058
245127
65709
283645
38482
149608
231624
22155
216028
107839
19077
96801
23873
35257
296082
39058
41798
256420
147629
34876
211953
9610
41107
55482
204541
212771
25686
57980
29777
164647
28618
29210
37660
33740
39570
14828
14788
96873
266082
17094
24221
84985
42168
249055
40511
294554
113692
3860
65
15809
28579
40569
165799
228551
13508
125137
9053
31800
30092
553
6689
231724
1756
33343
33588
3566
236980
668
60024
71938
30993
182008
241722
80112
219772
25890
15937
272661
68027
39486
94109
132548
9880
33659
44530
38197
289629
33875
215548
212677
11315
107792
16386
37518
173584
19809
38579
19948
166036
25870
3926
39614
165271
30118
22149
43372
85448
12011
131582
98878
4898
77960
5263
42644
119039
51588
192742
280530
254760
294908
42393
410
22013
24522
24503
120465
8581
27159
32999
283795
43454
146478
179186
41418
253540
229843
33381
55361
179322
30785
138016
234186
20001
250399
261502
42125
289150
17757
40961
42529
53
11734
175710
221986
61223
230510
2736
7419
7287
20697
37371
25995
269213
197885
214784
142260
42445
151251
185885
273133
41683
80743
38661
203075
163083
7586
2644
244578
187753
36980
10548
226985
2019
7513
179392
116618
11605
227272
19612
28384
28163
26759
9743
16250
275505
261589
189010
247928
2357
14622
53632
233906
10161
15850
70281
45509
6981
24480
17784
89115
27297
307
5795
7365
2675
16433
28520
286438
36869
27275
38500
193814
40351
17066
40957
13608
255993
13292
3956
36001
39261
11269
16276
241876
39206
23029
267011
38599
34309
263193
23744
26943
153872
32241
14495
251167
260762
273900
22822
173051
26905
18093
45924
95687
4082
265016
34429
8329
31642
33972
20581
100450
93207
22099
69854
296556
291207
22161
125498
253197
115002
114153
828
259467
64570
8025
26301
258282
30487
51394
143
274502
22429
22574
134003
284168
163943
102152
265824
25655
30233
38444
15800
66207
20919
222926
6260
57817
208659
248412
97260
174448
34517
9858
27152
68583
202458
4475
5676
32111
28950
40647
287453
29881
53234
5695
26513
183636
21111
809
163372
14919
7086
292821
956
150573
24333
289175
108761
19706
40422
35674
26109
36375
16587
195908
125810
70189
113584
14122
114782
37806
4074
46454
21619
273535
15152
253985
24436
47095
170956
9226
20597
209282
11353
74673
12384
295752
49657
43825
4687
184775
37641
8198
51843
22910
31203
29231
35707
266574
34083
34979
167261
180430
15005
199292
13043
27326
963
21665
172449
20085
33777
181754
31399
24298
46598
166998
107490
23885
1607
16746
46404
4076
21154
43199
32631
14984
58068
42668
24754
39964
21443
184880
162502
95522
23550
27877
18275
295489
38554
43909
220787
84119
10016
206967
260808
54601
21388
258141
97822
279600
32054
26716
62151
43222
182987
42257
145690
260520
160320
4700
41323
41309
154248
39361
235800
40795
100799
280718
275895
20710
11369
110912
86018
25763
123426
17817
53143
97639
24784
289650
71749
36652
36696
35491
98457
112738
45726
3117
24297
24799
51207
27841
250174
19421
15830
87956
57918
31648
104068
146969
15019
8890
153973
41478
2317
29795
58705
40629
213828
91158
126965
41632
10232
20362
34737
49937
35500
299667
94357
22621
43138
61993
28633
45230
6818
146254
46749
287025
15173
247746
273536
40030
120926
138297
237830
23821
43568
172835
174683
28758
5158
191438
37064
36416
8801
82016
43465
93096
88390
41819
32257
7278
32730
40575
26375
72721
139452
10321
12668
52825
22080
287192
2502
10060
14040
248617
29587
3548
146592
29875
25509
12650
2803
47878
33271
39497
78047
53839
103509
10312
42828
36226
29156
2279
24405
122473
127704
6370
284088
43329
118737
13579
263400
243810
42128
26471
36661
91350
75077
164396
85918
32149
32306
168797
225247
11527
42967
285901
110793
8117
53655
287351
299489
528
22970
12611
232426
84730
5374
190581
233577
24213
200961
32321
159741
165376
64708
31117
256146
23163
33067
235643
1686
36937
42598
163590
14851
215761
230277
225061
43759
3790
78159
272207
1717
87016
35391
37658
4627
68477
182301
204089
9903
227983
142991
77100
100375
50481
44847
124405
17993
32955
265449
235979
20217
81350
26281
17213
144224
304
176181
88358
213967
297424
26689
20908
30779
11777
10989
4987
32091
148647
31896
29199
90062
247639
102692
96300
23657
20229
31566
12856
96282
15458
41732
162151
6823
289905
137860
260255
41255
4045
20670
21156
39754
9924
266814
51254
211163
21807
17959
25279
4493
18865
11542
43309
16075
181941
216757
7375
45928
43203
1990
34066
21383
40069
86044
30789
214339
71442
25170
128599
12715
28523
269188
42293
225074
13911
27821
11798
113823
134406
3695
218910
74550
85447
11540
30841
34493
28113
198471
12123
38397
23247
272784
28292
235844
31190
274310
90796
10337
21082
225304
4290
751
198681
7523
8210
28873
225916
44345
1482
21214
12554
37204
173139
260547
313
25180
28386
46664
190028
225373
15929
49133
13752
6403
159670
38632
39897
267902
257533
54557
189493
121475
241300
24118
162348
3950
8810
103728
5534
5112
46423
13890
140554
19414
194848
208961
21113
178620
103974
22583
267926
21368
114368
21691
49187
54911
17339
61248
263433
269467
137467
22599
220487
181325
63485
61590
111904
36735
296202
162125
8971
36400
16448
242823
5845
7710
31321
30550
278857
36126
25483
79384
125552
41921
219437
56198
24002
220163
218259
12894
34747
95528
41195
42163
185423
38259
257444
3711
276897
3284
5757
230018
82147
294679
81735
26836
234517
22751
142997
39615
1367
28709
288326
280521
266744
35471
985
70083
27681
68208
123301
38610
15195
3419
10435
110350
19566
22302
29098
196151
9611
19162
129007
33296
14300
110614
218248
235492
81523
34019
133075
36953
115980
10925
14066
214311
33607
90677
42407
18443
203064
140776
9942
255114
196556
207496
23869
294742
151287
33232
63260
53642
25830
172468
31596
281502
43952
301
23754
31243
248726
40546
262767
34109
32467
31169
139311
22709
3855
130621
14937
247317
233658
44823
118295
74469
33618
157162
103965
238632
94287
259524
171908
37128
190184
20490
41877
54597
31785
75620
134500
229172
110356
635
36406
117164
233720
5062
20179
169118
269540
86908
8579
21184
261104
6936
219252
44180
274129
1517
33453
16635
13216
285188
56953
18364
36843
172033
6122
21290
21888
51742
139268
14021
41989
38332
8126
71997
97029
9633
17564
93916
102601
122607
232377
18744
5106
281060
29882
941
40605
217405
12551
14961
227836
137335
295258
18961
2833
8988
15243
11046
40066
31660
426
147861
30030
1712
103888
21250
8509
295815
126514
33415
32823
12553
33363
226078
22850
121008
5037
2837
170663
5220
94617
64500
6896
35453
19043
35667
32020
8040
17530
31194
177731
23827
130202
213549
206921
22708
63254
32795
28392
276796
910
217645
15017
172013
16877
256272
255965
22006
76623
263165
24721
48491
229993
82690
57986
145445
32972
17664
22580
38974
168110
27322
43630
36027
244244
72967
18238
157148
11363
28415
34276
47222
32403
38718
35176
28645
22879
42290
40732
253193
103133
32130
35283
153689
215712
18704
218571
22806
144590
29083
26930
17488
242740
8912
29834
38196
129772
21738
13708
93802
275831
36040
237506
26103
197604
42865
289959
250058
69922
26605
14065
168849
259249
25750
57827
114212
195844
229470
10477
3059
141140
243771
254176
7643
33475
5230
32182
266023
3305
12543
44082
23671
10624
121674
15214
33366
248413
218648
138060
21395
39849
22447
15639
23838
1688
1054
3685
292217
6374
6645
244362
56479
199524
1746
38155
190500
5083
25964
26503
145442
150854
129964
237478
236266
230529
210856
32703
182848
13466
30744
40950
13371
7712
39529
9621
153441
139912
225947
24252
87947
16134
31656
97244
6574
287785
8691
151446
15594
1975
20256
12908
20801
28835
20358
6253
186815
32399
124210
24313
166863
175177
11095
38296
1726
145646
39917
43413
210063
271493
283017
3778
203177
296118
266889
101005
25888
36334
36419
3001
37123
33567
223668
37924
220836
18839
656
57511
12793
4352
149725
13957
8427
32887
37505
45938
37160
146481
2149
123355
142679
248558
256136
275416
256421
59967
19003
24010
34216
16148
29385
11028
285019
2831
96336
117032
37247
47788
35663
171949
34413
791
22986
10136
15623
36715
20611
10567
33549
168457
296311
22023
153746
244505
129513
173438
96457
259830
219153
29165
37031
15483
2586
167965
200020
9249
219028
3726
209995
30949
25351
132149
38988
57821
13744
24128
26923
41268
170517
37399
172469
237777
296622
24856
28173
2173
18529
30387
32192
10808
147047
253898
13211
14922
27244
223708
32864
42854
22848
187553
109120
28010
41751
140285
70384
27052
46388
24319
192330
50743
22422
224609
33107
69130
296245
181926
277031
36684
42815
165830
27912
13966
65415
246298
20820
34302
219966
24866
22770
39316
21947
27005
236279
206817
37376
18416
199300
207520
16723
16969
258775
25383
2623
216300
297982
14073
290986
282781
239971
14047
237333
48296
32706
266932
60077
61379
21739
224606
177309
18893
17972
38580
23696
28999
148738
58728
8935
196308
25954
38316
51957
262221
29111
6716
106453
22093
18046
71478
34484
12245
7381
293297
27095
27299
101592
56383
81866
289441
86941
98246
53486
9997
24175
41132
2716
2205
22666
43980
287377
9115
54583
11532
14661
200944
28747
34017
797
125116
219493
187742
179022
56110
142803
221403
155068
245231
254696
86175
3017
34634
229504
101001
32119
19276
186847
39906
106141
247444
231515
15441
16816
7306
270254
57626
22081
48573
199748
193378
45481
43480
167361
12920
129071
36510
20694
192453
37815
202719
67589
154293
189541
51891
281865
31127
13289
257135
24348
20305
45955
37740
294284
8102
28693
24098
10340
166525
12624
19457
17162
114902
30095
29820
126333
26022
92849
25337
13531
282399
215635
10689
202330
14484
26784
176516
25736
194556
99000
11410
102731
35735
272078
57992
230869
279754
58197
35635
30270
237439
43495
38225
177294
20559
12156
35477
81
25151
26809
59838
34809
40618
52320
40973
225069
112991
3482
184664
260940
40728
4278
37537
26637
9045
39218
30596
72311
1745
299930
273624
31363
6992
101179
141551
41513
42476
16001
60630
32292
23205
267234
3851
64969
168014
181062
241899
18806
217343
32821
173283
13628
47267
41167
17096
129469
33384
19038
194060
15836
50951
293635
7815
293464
37282
192615
95769
14738
119714
37734
293018
25901
206291
31273
275317
28327
135
24472
182906
10852
14613
30004
8398
285868
14529
37097
124398
100175
27693
143043
13331
277041
268480
23992
3888
28147
42832
32680
216016
252559
275520
149014
32124
36223
221347
41075
287506
13207
40662
179168
58936
12765
32511
31585
43325
86264
210327
66840
32337
28891
24981
17549
34749
35740
186746
85865
239778
149554
232880
91343
20198
26882
16717
11041
85474
39137
16027
89479
75847
6996
41109
278748
289119
253194
24939
8673
189306
77884
31266
212845
159179
26094
179485
5627
262835
244939
52685
1567
29331
74127
22273
132992
45136
5206
85286
31482
28861
13928
137406
291498
43410
89881
211473
41953
35058
37092
25632
47052
105368
26188
181837
3764
293646
251503
95431
187513
215490
39280
186866
175424
26945
213993
199348
16182
290082
38986
187879
54786
9352
39121
193547
247428
8518
36780
14394
132324
78055
273930
263989
3082
235704
27241
82207
216474
23899
23268
285988
16035
37088
40150
20779
27556
34448
22694
16372
124930
17553
20493
5938
16758
2672
13015
41848
151545
3649
194152
30894
41110
14794
15
59779
79280
23721
23567
9834
152889
73486
184961
203191
297023
16287
204265
14064
64210
214611
15747
23578
82286
8646
210190
42954
155360
285774
38927
1444
36130
249460
77589
25216
112190
3634
53316
154872
14084
203522
7852
30102
21604
20910
294018
32844
16235
238201
71511
41303
41373
5151
239279
177122
132840
262526
67096
8525
16579
239610
184844
276360
4063
23688
30328
161988
255404
120848
6832
7068
39052
70608
23101
46895
264643
137730
297992
276603
2108
95165
56203
212491
240065
48694
266689
199023
6233
28651
159911
131046
14982
197592
22170
24457
15654
59278
5001
227217
26597
6662
138317
117673
255
33611
60286
302
249359
31653
37823
249652
227553
18885
9724
38325
143195
269378
39452
32650
245473
17489
6714
191384
26992
264582
179827
128705
20726
102810
274363
207936
215111
299759
55642
34668
17962
114162
12477
5679
288869
79864
58183
227989
44726
13894
2696
15065
183745
214753
95809
241686
11763
204439
23133
7693
55436
205155
92624
115663
195126
19610
18169
15676
250332
4202
215485
34289
36267
145694
32151
35062
237236
12577
13849
239058
21196
164235
124272
51092
176680
261594
170358
25323
124575
85947
80489
119298
53291
32457
32712
120548
151802
17051
142927
26215
33848
282835
121102
165056
7906
134311
108822
111646
298461
26011
166044
67153
39943
90092
10246
64623
26747
213645
2257
34125
41929
294524
97066
55461
31709
43786
27715
199012
50453
35750
71162
10558
10485
145060
87030
9229
245000
152834
289066
31886
220967
40544
13851
32299
17955
139531
16252
239932
345
276362
84543
74289
192340
140143
247316
19986
9174
3122
5590
14573
6934
89455
195933
9638
16581
65285
21116
53913
38097
7689
3677
180025
7032
36119
25780
56494
142355
153512
14731
22597
266860
107867
35620
23271
34964
148533
73960
100312
23315
40580
245963
11602
273400
125111
26746
12979
60537
244916
32968
33171
5826
22250
81284
21856
2403
6226
178766
59189
264169
32684
26870
39322
1102
34688
33824
8148
82026
782
20540
123205
36426
136879
40876
64015
24170
180876
1956
4163
2197
170802
156382
126766
246172
190542
207617
1558
25326
8592
17614
210305
1930
24184
22225
7035
298681
58772
1905
64612
4593
23802
37108
35362
53103
35793
15677
5147
43397
12563
272513
425
21677
55292
213448
272803
26139
91153
17061
19424
10882
107270
224958
264962
5210
5540
140087
12773
43944
62403
25882
36888
118638
21996
18940
6864
274910
8283
140674
166291
189300
33430
6588
1108
115304
2952
171897
263719
3656
31253
21237
12079
161561
274771
21158
24848
40430
38518
118212
31921
46639
200191
13889
299830
29190
42833
189318
41635
29236
48601
4915
37130
32456
170320
27642
47608
36489
27611
32552
41715
35749
32233
61402
37478
94284
6213
18813
102340
251898
192756
170520
3636
177956
13116
156454
163277
26559
121647
93668
157438
11236
181756
157150
160634
19931
7538
227867
157301
246521
18173
38612
23080
91024
33613
221071
32842
124386
21796
5536
172332
241845
22154
10561
77184
25205
16538
58644
12071
16638
85680
804
290602
255505
36365
225198
48082
159131
210702
21640
36544
155723
80338
77546
14410
8406
10629
26738
11563
198056
254418
3410
151680
18687
131934
19231
34141
16851
1786
87043
57590
34196
39819
54058
13139
23956
171188
89058
5074
94310
25986
23661
23872
26118
195691
284493
236007
9297
62684
280860
36930
17250
30303
36770
145266
8846
264579
26161
30256
33118
16365
4315
26285
246460
33684
237886
19515
35900
4421
205096
43702
204075
12417
207862
44510
234951
17680
58017
237489
215973
4288
122749
10593
3181
48889
16398
21507
1484
212026
47711
44036
11434
19982
14289
39225
26987
134656
24150
126657
6589
60651
193025
7748
27303
26430
221967
200975
255891
8732
42844
2922
179879
24534
17152
38869
27780
254610
25398
12364
23597
7242
96434
281688
269452
284514
271695
48183
43973
292277
22682
225758
28733
179119
210128
71758
190577
286063
53473
67918
5423
14784
40968
34514
38680
11883
24171
33736
14587
31459
178181
12334
21667
259686
236382
5751
11885
18707
2601
6667
7144
270234
25741
206696
5200
539
71105
28757
158977
182843
78238
168752
42280
81054
14768
190747
151881
25554
40869
112496
146803
22056
9088
111822
34597
50026
118929
171400
136055
247360
286441
286599
31152
98939
3486
77506
290305
257763
2980
13547
122708
7248
35586
9814
37614
47420
259906
48697
28742
80149
124659
52922
114205
248147
1706
231317
19219
250976
140235
290717
28555
259368
77119
23904
31634
261895
113778
18351
5248
271863
9733
15220
239621
19062
130244
195798
146561
173757
11210
16355
296147
781
58198
129511
6859
112856
30618
10858
106470
175018
132775
54205
131919
21716
169562
29301
218193
23098
234871
9518
37841
273503
242257
40878
29307
11211
38121
31899
16888
32764
1328
16521
4295
2606
111706
221089
18071
42435
101380
204605
38834
52207
28274
251556
130687
24301
31569
29522
9755
14705
201649
25451
23724
256039
3906
195183
10276
26419
133364
136251
13516
35895
38510
76354
115075
218646
192754
6152
35981
55880
41223
2535
9307
109987
21285
96749
11093
26099
74347
23396
8212
21257
16110
121187
35368
291242
39049
41366
10281
218176
32806
21401
35056
23612
18262
3934
14350
29634
213962
11905
10888
16162
194286
34062
30492
188031
190476
107728
10067
268880
11773
21692
30679
49169
7971
20104
117427
178768
281170
8915
164875
6957
172043
95996
9832
21685
37561
154484
4508
1259
163712
193524
53827
150970
298661
63899
54320
29728
38071
248980
210290
112305
15258
42319
24834
254743
100630
24103
15741
149248
269373
29540
72431
31208
202393
12399
9037
20896
143690
30083
5377
230679
20044
211629
246889
11601
134739
43949
271374
34932
30403
16589
43515
21126
154299
35279
193418
38251
25812
75984
11617
30449
16751
51440
125617
11203
13120
40864
31223
50479
155846
20488
164740
38365
30617
253718
43373
40429
18136
29708
244211
168716
58765
19924
243353
17808
31367
14403
8863
11644
39208
31258
36487
84178
212719
37012
23057
86705
106354
209849
61207
35918
27166
281141
37834
158958
193457
36672
267736
40949
31690
9301
256114
230991
80849
164944
13124
40340
28485
18039
13180
23100
58266
157531
197847
286425
6085
27279
105082
125418
254335
290872
13240
38726
135871
61419
33209
234426
26216
8273
190304
269299
263924
3029
70251
1480
6663
25556
8713
237794
14149
154946
22257
43033
15130
186616
190793
16368
33261
42489
245081
212117
46955
2539
159889
231596
55413
193345
15751
26373
8864
1205
2234
66505
37398
285836
42811
12343
258603
35229
50265
120020
144887
99816
27604
117467
145131
170448
2566
26535
38290
2917
36194
158325
35020
175746
38249
24383
18313
292704
96867
204
275222
135780
22731
101857
33166
31864
11074
25413
280434
200997
296542
74
110338
94049
13667
1970
207679
41528
185859
17445
26340
218291
71007
93223
6354
114594
136796
55164
41252
556
262035
20162
36827
33076
37967
18010
23505
93375
16557
294432
75522
43887
7404
34816
175284
224170
277526
240701
234778
15871
20758
285896
24963
3133
251699
71348
15917
36249
7894
275652
208596
21753
20530
268872
141796
36157
72964
5658
193570
125920
20793
21338
28302
79843
82283
214278
86986
33472
184812
277778
28529
824
36050
264575
37488
29079
108374
222612
69809
19935
2902
45290
55083
24917
268160
42831
12718
19259
9779
34426
36135
265361
263669
183827
277750
232895
28278
35312
16244
252467
42191
254464
29744
74335
15247
37792
113058
35299
3519
43928
52245
23252
36925
288027
6755
163438
155064
18451
7992
102255
78541
3962
35223
47238
37372
13772
16132
19654
169378
1361
10834
90924
47939
297079
14323
82386
249822
17674
100869
18742
5914
261544
10694
205887
182270
26872
30169
3826
669
76032
105706
225537
62811
21671
276701
60193
21289
257342
98308
233807
275644
8284
32549
34780
208731
233244
31047
58434
102051
6884
136899
30370
21272
18493
10308
27113
281365
14275
49444
16364
7704
101441
7410
35516
257789
217310
47339
250441
14159
281335
22452
15920
10213
2805
34306
148625
5426
14633
172292
277030
131911
264421
219188
23759
10431
16275
17137
16853
40141
9930
257930
281794
43774
158930
33395
160121
27687
35572
22437
174862
30883
194689
208942
23810
172578
63797
89027
151327
189432
27881
68130
10921
38038
3447
220309
4990
217189
14446
7972
297237
251506
97846
14262
5708
160909
15683
233664
237585
29836
113390
38546
1461
20027
190419
218825
246332
126592
21195
258858
31496
12834
240694
228869
148821
36878
98942
42238
8575
99919
13478
17866
270925
230782
102571
5183
263564
35632
64505
22701
67455
11361
19268
35468
53485
236986
71383
135737
146948
35839
31707
83363
9375
36445
248329
140814
162876
16121
104566
32566
33031
17155
36443
46754
89809
26028
36433
21544
41078
38903
87748
41549
275305
277763
2083
12045
37356
66495
8514
13319
11146
22033
139871
35587
209794
22353
49852
20070
251956
244026
276449
229703
6977
95594
162698
33615
166324
114520
25566
33486
284447
1750
35590
91149
105519
16128
12078
232319
22085
197161
12060
2217
38350
23261
22799
93212
81048
20809
23312
42891
75526
153925
11166
257117
24226
144807
81769
17376
293671
60769
271223
21540
84373
4953
28537
24153
234822
9043
28846
18616
227290
11661
50421
19738
35921
221254
234813
2905
230934
25401
36586
249047
27231
61820
14152
96102
14729
199074
248706
62661
130729
34174
40197
43844
298629
226221
211449
155812
36741
25772
171046
295785
144074
297215
22949
18623
24321
33162
4665
31276
140830
61763
76208
2384
142400
184023
177017
85590
16405
11480
6944
202342
1615
190190
190853
260907
18783
15042
276766
177072
36293
1250
30683
34130
79532
4038
29885
224578
19733
178341
208916
31688
185659
142350
16748
211053
20141
12506
261009
194444
38250
164471
13010
28284
62075
20897
286663
174115
134496
8740
209364
31283
2555
270517
43057
71083
13941
279140
29410
23943
59416
28647
149099
60961
33770
14384
197031
127639
842
223576
237235
1397
2775
262587
23197
37333
24953
265478
30360
37067
14254
59977
293142
291864
172348
11710
23444
179724
32424
196609
13038
195376
278754
88824
3942
141374
218061
367
118952
2267
140886
294043
13986
55456
22386
25733
211605
42558
114123
50002
49412
282551
230032
9288
17047
214527
273178
38455
32129
14226
39528
41454
223676
97112
2596
94567
221134
273298
283733
175901
35079
40342
83448
89321
64917
34190
259392
95937
38798
48907
118497
220541
20877
23363
31328
59687
4050
24084
209710
66928
118801
63923
24429
3608
17579
280535
77302
43024
289996
148673
23962
8469
23628
30045
257805
34163
262877
5643
276848
38566
2179
292563
60324
216428
210442
295140
8938
38592
91174
37474
4782
235873
37143
34675
177732
10265
44226
7830
19999
231030
16649
27389
5096
66402
163638
21355
183838
22334
22478
4830
169026
14670
153231
152293
213461
26213
237196
21911
10668
32715
683
251097
198478
10718
248935
37900
181008
7913
44728
411
24428
269851
209887
42581
7808
185609
203189
35183
42639
251861
9768
242922
258122
29677
98266
24516
282591
153946
20131
1130
181196
49000
10922
9121
38086
19135
24511
22450
22541
7944
4250
51186
38603
89286
51006
3113
39281
26612
7711
98471
86888
7714
111397
289203
50228
5447
23774
31695
140968
227283
35336
54013
51785
240728
265062
271864
23866
238637
270208
285777
41081
184383
156402
35353
7589
43007
18954
6284
272783
5612
14706
42719
1094
73836
8005
38887
31143
20090
54634
10073
23981
20775
240900
228536
87780
28474
175849
210709
31309
8968
244929
12641
51064
255585
107815
143998
192235
60497
33854
19993
16438
13023
117822
55150
13394
83211
5217
42966
91567
182142
21234
116973
150779
246963
204221
19120
181646
81367
251398
17728
136137
39904
296435
225812
12324
221005
5495
91053
20084
34648
129011
285046
254843
249737
223322
39635
78160
258024
9357
182121
243517
263231
218075
92869
284813
152735
29458
230595
21073
142960
220659
156994
5107
7786
251990
77861
147016
23834
196653
65251
170473
84499
1466
4727
2307
8073
33429
219741
254767
143641
260979
260260
38099
298
19166
105356
38145
273151
277736
38736
152221
10954
4337
20340
259047
89594
16936
27483
38975
25089
135455
721
209900
8945
197407
129876
294089
27869
276214
7349
1406
40163
21562
167816
5101
133118
61346
255097
234460
95794
59784
99851
27118
219635
14688
123786
94796
28847
2767
38330
25053
257225
24126
6258
157138
18053
181694
153721
262462
18824
13544
29454
2480
10831
45797
185889
139029
33590
214818
220917
17158
27026
191290
252320
285150
285940
41200
278271
30351
260652
160108
207810
18464
24536
90128
22982
19367
6892
3637
235036
523
22834
258373
138683
31300
47494
297506
124035
1487
63062
73098
251088
14347
19143
12865
111400
43385
284754
16920
231940
31532
12129
5709
112921
38990
15696
48867
22219
168903
52
5321
33724
156534
24719
26827
249400
74100
133067
2060
274374
43458
1979
15899
151726
19322
205608
57522
4144
12581
34505
264001
82705
26299
39940
43734
180360
38709
24016
39585
137024
10651
58289
243189
292785
32036
177830
25693
30505
287759
126563
30469
141821
29717
20193
247377
103019
190638
32158
247296
222621
41381
40436
112886
92775
6988
37354
90174
25248
163891
5917
60849
250054
22824
5047
255454
178331
40417
269539
158300
35052
4992
35814
125901
34761
135782
279144
36373
282979
263467
23742
27112
50455
21662
268789
19227
40263
187107
53588
52419
95820
32396
33752
23132
129461
218655
115205
4152
130560
7043
17987
108871
98639
219791
291506
200727
18506
12998
4577
10724
41247
27019
43826
64870
245114
2872
202301
196927
15496
29545
49614
143212
280462
133069
196191
19244
38639
1074
110002
143312
97898
3455
39922
14612
17588
21453
85732
53215
268056
42434
16313
60879
180751
61809
5966
39623
37250
271920
11396
50854
18376
33866
263627
86475
2036
22464
44288
25912
228743
49320
4500
137493
284687
207327
257960
14834
35617
11981
24965
43324
159373
43399
210760
9195
53208
56220
31319
2402
141840
20709
16755
24545
16069
6203
1777
70563
26431
6617
43768
32102
78
206540
3214
22855
14501
225222
170805
3998
38853
235408
165311
39631
20870
110637
19714
198879
288238
33768
229203
10159
6275
258389
206352
35203
26922
166773
179791
179738
294163
46054
42251
58217
22398
92304
193063
270907
26087
151872
59279
8045
7733
293311
1873
2514
252173
25586
227804
133091
67221
14586
5765
164991
8405
17130
43419
4073
14425
237084
32793
103066
291338
9126
32943
203332
19862
103722
85549
17914
153803
81200
23021
133742
286967
31483
117291
230520
245830
274103
38654
63932
41419
12531
43343
71195
215935
69271
134811
158788
130632
8769
270798
40370
15790
66869
16015
45533
97124
18007
34741
27612
12452
37440
51466
44347
293878
170572
40268
53573
41605
197289
92171
8797
228279
2273
220673
267139
22805
7317
92385
17845
12661
24296
28262
32224
40841
47352
36307
3977
11894
39476
223268
22340
17329
56797
15276
1120
243334
23121
1320
242
76438
37596
193016
299
27247
80973
227733
32088
288892
42080
128936
196443
19407
167173
19622
18069
15493
231814
65531
14356
33177
30287
291493
9370
15841
34529
20072
13298
25617
19598
146189
36330
29532
180581
205211
266168
35172
187717
29544
141738
17440
36982
77781
288463
2386
118866
28728
238643
217376
138082
188163
44736
44656
290996
65581
146909
6141
23852
135171
38083
124
10777
42395
256742
123038
35824
137946
4812
1823
37135
161430
109569
208912
38951
2587
6602
178395
293411
19468
151836
32160
27165
290529
4488
8436
60298
11521
4484
196587
4055
22102
37312
26276
35831
54772
231579
8723
284746
289823
279863
81663
260650
6080
85934
42081
26681
7485
288332
242854
18008
289056
26495
247726
9393
89714
28029
81657
10202
295824
7418
210592
72143
39792
36804
26811
210971
26013
3700
44720
21456
184019
12725
140059
28447
154396
107273
249080
1553
15505
26841
217436
42981
64933
233728
292006
182237
36283
170385
122091
45248
6181
270393
53775
46758
48410
93379
261054
293010
52951
139849
139978
9746
197275
35350
26800
32701
79651
191508
229620
281937
35157
112177
42846
131477
192552
14646
27709
30024
264657
33191
34880
84961
270195
36961
210885
53660
196550
13030
43482
24307
164385
88571
11548
24655
15257
24509
5188
55096
36326
172960
41846
34371
141249
16715
261945
34802
18675
177577
12608
239793
4301
10924
253093
11727
35472
38788
6174
21331
174467
31714
120229
204303
157118
27517
237232
192317
2162
39781
22549
25297
3876
296246
40911
9299
294179
5155
8680
8339
4176
257287
4606
254600
30019
241879
18231
35427
14569
41555
166545
4684
4933
231699
78729
8380
241770
162253
54176
283748
11183
