16047
20894
20303
17983
14778
25743
5521
135208
15444
221527
18753
6533
50235
11134
163904
207191
12594
40619
33379
234512
109493
219218
129044
26861
32337
204794
261926
74683
14446
23337
94554
140026
27774
189377
83508
32515
33542
41184
41747
252784
135188
32209
181457
113235
291023
34946
166203
33332
70581
299929
140447
27009
226773
159610
2148
19727
297955
43404
3333
17245
45473
214589
138132
58305
37392
186112
117791
2164
17374
3473
135051
77480
58346
10488
36122
37327
151223
3515
143109
283248
90287
216886
43284
23141
65877
198838
62448
204745
36428
30360
13379
267695
43164
34554
177196
77287
5233
207411
178499
200594
3247
27462
213015
243795
165926
39783
33428
241362
31874
5510
32186
33308
13510
40030
12278
7934
399
140298
171763
38122
8510
288132
241195
283799
35867
15147
10084
13127
777
2929
46978
47953
43896
127802
293506
3226
203258
138283
6161
15331
36182
37914
17734
11345
42094
41806
79571
222979
49608
37051
34877
6333
62498
69808
34694
13117
251825
34207
6937
203020
34182
41886
158225
47626
40929
272637
29248
28350
162730
14377
33696
9655
14285
5399
141842
21936
96779
54197
141979
150948
18311
17018
16790
38679
4341
15086
114839
24
47407
386
274996
60050
183120
223685
15585
18356
7558
9773
137812
13672
216416
4466
18938
17842
17428
138219
10138
33407
4784
66923
6965
191604
40228
18496
40853
8505
254650
36680
9956
33072
153329
287217
168866
211348
40871
25010
132871
104914
18471
76403
156821
166554
290265
12435
26457
15671
46662
42923
287277
47014
2550
13139
36110
7009
36931
906
96497
27340
224081
59730
2411
18628
159145
142162
32080
20489
23905
6725
125575
165820
36060
13104
135874
40865
276680
297067
14876
134698
29618
44360
30116
86496
171274
28944
9995
261333
84311
265512
44682
29619
6023
38659
29607
221996
130665
272527
43182
25044
530
39695
171927
79074
2820
1453
293222
252056
43326
12601
5256
50256
15035
13046
269113
172966
4772
113737
32384
39728
21658
40730
18727
2530
33103
38098
227275
4716
24541
44132
154871
289547
37423
283242
34341
38785
13636
153316
181410
51240
22713
206705
22744
12986
280554
8563
270819
259166
149083
18986
32604
1513
121367
13569
28924
111900
44494
31137
78890
4774
192730
229328
171429
121783
20276
16925
107844
124145
96009
182637
192276
11298
1778
22949
5615
7364
292710
119326
28131
234860
147394
62300
31473
18483
37807
21949
48891
1670
96073
3908
69108
37052
65339
235719
8458
24880
6189
13558
112724
670
184225
46085
22582
227420
141287
22856
34416
2992
13270
43195
123087
247914
111608
1067
42211
237742
31816
250845
36209
53834
8186
31877
207346
13962
29426
57144
242341
46202
31147
36632
69275
31479
142829
117
8462
46255
41293
158445
288656
31245
296047
24344
45345
280992
20361
25137
215529
212607
292985
245106
222747
215391
262125
128895
132651
43970
42438
200768
263080
95502
21766
20053
37131
6377
14340
208653
51314
126249
78103
32078
87184
51981
215466
667
71221
268197
280296
109812
44535
32776
148721
28055
29116
38652
3381
14482
47969
171420
28614
6772
147248
143445
268016
74709
163017
16628
3795
46431
1000
40314
27550
36279
22406
30716
34921
138509
211429
3128
18534
13301
206514
243968
14355
534
15402
103995
41371
270338
235583
254015
40087
9251
34558
389
121173
129629
299778
36429
223905
5371
132191
4140
38254
206214
707
8056
12845
42257
55351
195119
9993
136961
257959
14031
230685
25929
133742
37911
217315
114093
27637
37352
66899
68396
18187
10397
45540
105643
117544
34622
42279
15519
188991
12859
13547
5772
122353
32228
38343
244578
11645
20600
188313
113153
6313
34364
23503
249109
54113
264405
40747
43540
4383
33065
243464
85342
205133
201350
13899
51269
33495
35761
214097
198124
19608
172462
19859
1950
10592
164693
142294
123213
72345
191562
43445
53132
17801
82323
205278
20858
24901
145023
59830
34696
42403
41524
13893
218407
11283
54910
65910
28200
298216
38664
1161
213
8294
508
15842
296371
248716
208088
16313
4336
13811
9431
221687
46347
191472
9741
13171
124623
280390
24392
8118
7108
33138
36190
27031
138156
204066
89582
45284
14259
167661
31876
13176
57412
32783
46700
16566
116514
133821
269081
274177
37374
2371
111921
10254
276458
35188
16603
256386
38613
30305
109029
47011
167678
43664
8613
47100
192467
47551
183162
88798
136165
37852
87661
88047
85991
10629
132777
35656
61365
149410
4185
8216
60370
37230
32251
558
167893
35983
176634
38301
14536
39556
197330
6324
46713
153853
261409
178398
168613
19930
123918
1734
263564
12183
298941
41731
5062
11138
33211
179604
43005
27938
285782
8529
134262
27060
288875
36618
98239
204141
3061
6794
38123
225304
45308
20032
17591
18498
36346
195473
256429
31184
245792
36481
209571
231248
215491
112512
645
46194
163503
36773
20572
9053
299436
19311
29638
33997
18429
245121
3506
31197
186321
96451
5060
184220
26827
41447
22640
45493
83052
31094
17050
51329
9174
4606
240931
5844
209273
9684
91556
168729
35155
40387
3196
133366
86477
10827
33302
33734
20030
20275
38151
38640
212933
264420
24526
47080
52752
49101
260510
49759
19874
177341
19831
5387
147000
129189
147859
24678
237
18269
25729
115096
43450
36454
76590
46041
23631
39516
8234
283446
48820
298961
25605
94810
145389
154147
37375
231727
1215
231308
196826
22847
131762
29642
26299
24056
201324
43576
132520
1009
213267
299993
43081
39059
29143
287014
44142
25222
252613
183000
46227
16292
200477
65896
4576
33685
6050
282780
46262
45266
90782
30808
41159
89846
9384
267233
38331
27503
41082
266840
54743
62483
62476
44798
42661
212811
34594
30290
197713
42223
3309
85351
19351
30091
6362
27042
44163
55342
15429
8827
2080
31189
34713
105198
2649
281388
10979
58896
35050
50522
30330
224023
56260
151219
279747
28485
174557
56045
32650
37778
296250
246700
265835
16150
298536
21098
81799
33691
33653
154451
45873
299131
21129
51944
7282
24383
14830
299846
66600
177881
223396
23677
11427
34316
154460
80354
151
299524
4254
73365
8020
43125
14390
23086
10436
17539
120784
67972
199259
53747
71235
18304
50470
19998
60358
17544
26471
28843
229886
292345
30722
128412
3155
38329
1591
42898
205607
36224
42241
44856
6323
56598
11479
2112
117819
10420
4752
83445
271375
237018
172055
719
58778
13837
3335
3532
208542
40851
41048
20910
288570
60607
10388
14629
48537
248939
33117
19617
22167
4358
135021
248677
35608
74200
175028
250957
31848
40176
261211
12142
26468
38148
258207
285637
4118
5610
5389
966
19090
1703
26777
48151
174613
190390
15300
181396
30921
31802
24023
14854
33510
13796
286309
84801
4975
195727
39624
95256
17430
101901
176353
275436
94509
17035
67339
8766
32307
69021
258514
42996
24121
257835
35921
125163
298739
46550
202363
125197
6671
46660
15895
88576
93975
57740
11398
60556
60314
113687
191040
40704
131836
34723
26300
80941
49310
277392
3179
131854
17918
219530
49038
1396
10105
35129
9718
29586
116538
32791
30786
281806
14501
159111
265503
9673
31862
3816
6014
38410
37769
44066
27827
32311
33972
42786
35967
18162
26315
46602
47053
73535
21983
128118
189465
6704
235420
39076
131159
65920
28026
264701
121422
45572
41341
19686
43689
40717
52992
60182
10437
225511
95693
271852
7100
22855
42139
52341
37573
234139
24184
12879
21086
281113
26513
12016
38856
39439
36716
10713
129609
259861
7919
39010
13041
103469
11952
261774
71609
150663
157535
15157
23135
31457
2021
248105
44010
34846
27004
167583
32765
4781
40930
20387
129557
25033
44345
30434
58777
121684
44979
2972
10744
45619
6063
1630
3731
67885
95097
32073
195873
13255
173997
29014
4271
43652
19778
145383
290021
174530
40735
253755
111650
27969
293767
55708
27591
283044
35733
293928
32026
26655
15135
45414
61549
30247
254497
212406
224138
9672
49537
10055
2832
42193
17253
187536
5706
11517
188000
44719
50163
134024
33628
190741
18186
24673
20688
107209
41172
205900
24774
107759
227613
2385
37296
40023
15367
6575
171893
35435
144614
96208
66093
206609
45174
45499
130276
39568
151669
216960
8702
42033
19084
29366
33158
25373
135755
237227
37380
44028
4649
14705
147033
21590
35222
6962
89381
36495
244648
289325
5160
61286
41156
18478
23873
18422
25868
157874
21235
204923
25757
19224
225086
43718
3998
33414
286423
122124
29620
6441
46310
29934
55754
235949
178936
189992
48028
12039
46153
181794
17022
31191
169096
31514
47174
31304
40464
37794
64555
30937
41151
25943
15329
40923
38277
100600
146378
211514
273832
33773
50221
193740
29769
32689
193373
5283
43297
43370
264357
14507
252388
114112
231409
76463
251206
1423
11654
42348
28300
24190
40454
618
59470
30796
1557
90526
48847
9918
168987
51817
129295
10607
40702
23734
4583
52710
3665
156534
2509
217418
295135
230864
53548
27767
184403
211765
4779
148534
33486
183641
31891
13556
4340
48958
486
17971
107344
25528
33929
208818
248854
44842
2705
63062
291008
36915
13213
112390
226910
23906
13413
238774
42767
258665
110864
210934
161946
239114
166041
29117
13087
3964
41154
93216
186784
291037
157991
167051
45312
35727
42529
249184
290304
581
41128
64333
31460
35400
12196
5741
240591
2445
16641
109326
263979
21401
153250
221850
58674
260788
170878
39785
4153
284347
265651
25320
53088
85949
210963
30995
19826
42744
265234
39503
45579
24841
9339
54755
35794
47409
42698
21681
59768
36954
678
38158
31746
140798
120258
23498
38935
41774
192618
231141
8809
32407
208617
78807
294039
12659
52109
114796
289649
22342
20847
211690
52001
188447
36241
13339
8009
38583
9116
84572
201775
17249
142572
26198
165829
4143
145325
271403
37228
298234
112653
27913
81337
189912
262177
35339
51170
17482
29606
15098
192416
261473
4205
423
128957
266700
143135
139423
9399
258909
11667
149200
19818
11964
51712
297115
3775
245211
40517
46532
119670
34138
296230
147236
14288
42517
56591
130
617
230457
266299
43015
14118
228663
6276
261147
281655
25065
166964
50568
25235
6208
153927
21657
1543
190020
92827
171247
24234
23309
104160
223097
231497
142714
206542
178578
11160
28271
225835
172026
219282
7799
39914
95230
133172
34672
2215
17699
185993
125459
34158
180779
45852
28254
9708
281764
34115
46984
44839
115680
221581
66590
25444
22989
111449
23494
246339
136988
199191
43147
20120
251949
155249
228067
63434
11915
6556
18792
130114
31812
286781
212992
167455
245170
26566
260255
24106
21111
270602
82529
34808
157504
13594
64158
233500
20268
232783
27995
146884
199950
20745
2056
85754
6385
105267
1837
21675
69506
37461
160371
234437
112684
23210
20976
52257
10231
94536
84920
122239
27219
183290
18438
20254
29016
38514
260012
31650
28633
126645
155793
29059
21666
18277
48671
274566
240189
25614
202806
27805
147844
13416
128310
23195
16717
23213
215134
150385
264185
24246
24507
3328
12908
161800
276666
78540
34080
25890
238786
116551
23999
43296
40558
22836
36375
16648
17305
3361
7490
285367
119449
7628
28454
227626
4793
55648
250484
7967
1683
207919
46993
155436
228847
29072
46223
23191
145214
140421
128249
9861
34434
121954
33582
88455
1897
92200
20043
7562
39854
35706
98731
80949
10930
205828
7528
18470
187904
297026
31526
18665
176697
237096
9482
40774
75421
33861
220017
9927
38337
244976
39080
39719
213709
62103
3318
85189
1926
187377
36227
7954
30263
188781
57706
9665
28396
8082
160190
145393
27136
278676
2605
13479
38221
185102
36294
180513
6843
70140
21474
16104
24920
23133
83234
39571
230767
1407
34251
75177
137561
38581
23509
159909
24543
46061
153125
1732
12985
214592
265194
7375
197689
70816
293771
17893
299918
137157
232307
175556
33901
229590
36138
39558
8466
133807
74447
2447
46536
28871
251686
93323
35442
28578
142420
225402
5861
45706
28883
14952
256553
45528
179959
263016
44717
10093
28861
129347
16979
33917
122464
186402
63202
44030
27626
46786
21993
95590
24155
36630
5663
34125
17113
14057
176040
9492
176540
13975
236769
130362
37312
189438
29889
62728
140709
26919
239898
188304
43054
243714
167754
1813
16324
177252
257801
29401
115815
17994
8264
67078
47502
22123
294803
21438
180843
46107
237031
210978
216249
50792
36219
166250
160500
23893
37687
28497
18772
24097
34645
13249
38255
13502
39074
44433
239583
248706
456
29854
278724
228342
30970
290774
4276
77272
22080
38499
46687
24781
10364
7659
110800
25526
12942
34439
223000
2771
12199
249396
168322
7027
25282
5010
38390
54330
2496
181168
273780
33285
103051
122410
274890
6047
84996
118287
41306
49419
46844
44694
9723
9609
221349
41734
16481
172589
111344
15421
118909
130356
22457
82882
38342
21447
6883
77671
31614
39517
43790
68883
418
282070
209832
134711
120320
46837
26792
46219
82517
11150
45640
7731
16964
23821
145360
6094
26381
105910
213828
11007
113711
23343
26518
270678
43254
16716
28589
33399
82143
60508
48052
34675
8000
8543
115898
135274
99523
132193
247711
33352
37908
21614
298406
15726
46755
229906
17824
3336
43701
126298
114894
15279
28930
174472
299108
21752
262581
34768
34213
940
72103
237170
44033
22789
197489
178707
277837
10863
258670
3360
278658
28045
13875
9124
170254
106317
106145
43523
34725
55327
872
39167
174358
16155
43236
126233
273062
46037
4448
11285
36352
5179
119651
130537
175310
211010
166433
141815
292232
9190
38943
12514
184755
134010
132470
3879
1844
169776
42939
191093
28597
153607
45599
264286
8715
4189
2412
38494
38463
18635
31317
244020
16441
240333
84450
91738
14834
212188
200136
225504
209598
3025
233708
24509
173695
42466
210400
12505
32662
158132
45375
18867
132068
26785
161235
214631
3130
18732
32394
7046
100838
22105
25799
16022
245493
196548
291061
248815
41863
28977
119702
148255
45236
13418
127607
12943
10839
3178
8061
79561
24292
10995
192761
38666
218777
54837
37888
186733
213539
36801
47127
12414
15144
143060
254507
13064
33008
184217
217747
232256
134152
33635
22777
16268
159429
9859
67774
231143
294680
81472
5696
18020
518
45958
224736
94866
263197
45812
35325
202634
7094
35136
17780
44773
48693
25249
21792
41561
34120
30841
293788
80493
27593
11896
3345
35787
287705
211770
295606
115905
212808
274951
89836
3657
7671
21960
25871
1680
40020
2007
121394
209468
137338
18532
199179
18790
91076
9445
47279
263648
52492
19115
148760
55187
23138
201392
46137
55487
21613
34623
28547
33834
29021
32309
9957
20723
27712
22279
153458
184329
100501
278504
7010
45550
287
82118
45470
28262
24569
38694
173750
3200
41329
39788
2785
255634
14833
187525
35288
59292
279436
179291
38027
198152
41593
42325
31750
11212
28585
154443
24494
47265
106932
298766
101898
2316
7981
247662
57841
235787
39881
40761
137709
34279
3319
41689
29456
10192
30506
41359
128354
247938
62079
35614
36173
205444
23443
6832
33181
25606
17068
34253
61643
46990
242465
42210
13560
22736
77260
10195
24879
41981
37742
44781
248551
33570
39835
37940
19241
192418
45827
135003
39687
43033
168
22360
7993
30131
161962
260100
41885
37799
24778
35434
33443
76629
17716
19806
25803
12009
257049
350
283834
189235
17970
257393
19264
36895
99278
113007
104060
26312
54245
224973
36144
216528
39182
30971
250043
135106
12119
124172
293118
227631
30388
172698
2974
88979
152817
27089
98706
44302
198183
237191
26511
37549
30234
18349
4758
12479
234026
30494
13519
109737
26033
11769
87342
280523
21922
251732
3520
32293
169215
13778
75378
65179
131510
4015
854
214692
17900
63880
238963
197084
16025
32969
102035
34185
247042
173977
194220
204407
174079
37233
81523
7089
5978
17655
3617
119021
66638
20551
112762
21022
86266
230763
211135
13411
242758
200601
8513
45314
131392
285121
22351
3030
7428
5665
27014
41187
269319
45979
19112
4532
40367
17236
206725
14898
179478
234413
46613
25986
10565
37718
27053
13234
11877
52766
46882
31466
136372
158271
38386
122083
13297
18774
253730
10009
18932
121527
144624
4438
298506
1458
35796
234707
164394
42199
47643
34023
17925
99331
6141
137831
44598
16927
276554
28348
246308
105748
15774
57910
22336
229764
40898
30830
115504
5395
260566
138989
161163
105454
91529
40897
238184
123534
45545
127135
69437
128551
25156
19694
20936
24467
9162
65901
15636
11970
266604
203124
1024
39606
132581
41243
19932
297960
40992
90830
198743
85596
22049
3151
36205
182587
20601
207334
40789
116863
23065
216263
39708
183464
276317
205810
33608
23659
61473
9004
109826
7464
140838
45275
1936
159668
10651
25618
15982
3867
92656
182325
1253
142235
43709
169448
292086
12030
7966
299864
5794
215075
15580
58635
94381
39585
46064
21207
24986
22608
58906
14560
39833
10279
172731
263425
57263
11161
16044
18803
147641
35928
52260
28693
19139
104458
13147
243508
40672
83385
126676
282068
224110
131457
43379
49917
276697
164700
23701
6933
2281
30279
261987
67069
17508
141348
173089
42369
76725
38234
285459
29775
58043
274759
4050
165218
6139
84634
30680
188277
286059
16750
296483
34896
56658
128869
20438
88439
18115
209851
33437
9175
5185
182866
275617
93764
9
39934
101692
266038
12469
1967
10668
22392
82718
233255
43449
20682
269819
16483
59002
16298
279895
59750
42813
77305
55410
34069
173328
274991
162395
30934
1289
42401
38584
19602
42318
414
7225
33779
9613
33591
194456
38455
33440
45970
112608
12121
33935
27461
37201
129246
8024
182147
213919
27173
37270
192575
13666
243825
142505
33193
240349
137991
10860
293009
18495
4718
245136
8596
115772
199757
102435
43760
10118
15761
221721
47288
28233
130311
190165
125527
31565
149044
36841
197711
31161
129052
61757
13445
45974
139761
6303
36456
98495
17553
8957
25020
19394
229785
263314
20094
129
47322
40703
148849
39259
39815
7419
270346
5197
182724
26401
1885
60284
2350
207232
204667
206996
194669
256922
203133
13938
66349
11310
45418
13515
148321
4955
247900
214038
5668
245374
45193
125090
61004
41446
36041
52786
115878
15286
15689
226114
252509
30647
58171
162502
7135
40198
180769
32675
154839
194626
219939
15611
12974
199990
263311
298625
38164
129714
136997
37264
259303
181062
23748
291754
59189
41122
227000
12952
3566
14177
216466
31720
159586
53640
18292
273306
94531
28498
19142
249455
56059
68926
32426
91642
207748
17131
18069
234833
21701
42929
56222
89163
271829
15927
7343
276835
20930
9697
237012
55554
78129
12437
13239
33351
120394
278463
1323
61655
55018
264262
24371
34371
58502
228911
156438
58116
75198
10031
64476
228696
46130
102955
31583
21984
31543
29080
211552
16281
11057
11085
109788
229
231385
25112
1993
10695
177861
265135
55902
13229
40778
29408
164317
2181
4748
11708
25206
200816
289857
175165
47340
13872
42946
266846
290903
14785
72220
196551
14316
32325
32245
125517
29337
39959
30798
269461
18959
14592
51672
12723
279326
53279
52228
8028
164112
32402
6380
193296
121477
296320
9915
21887
12645
3140
28043
270546
24069
32164
40163
28432
55292
261948
163696
297236
121212
24620
43023
4427
6445
11414
233836
30458
125299
226342
162868
10215
67433
280955
99017
218716
290703
19453
98996
36358
22278
126506
57885
233730
4732
244599
100616
25511
8063
26374
208005
199512
190683
40589
15793
33774
16066
29737
46774
131602
279898
16136
36787
249495
88922
10691
170136
28341
290306
218147
47144
111498
87905
130651
46364
207136
88489
1530
10591
34192
10486
29755
43820
64029
72330
8142
138250
140726
36677
11360
84083
5839
4978
398
43878
83932
295740
294739
82
88016
37816
24016
182417
33786
4935
43520
6841
37488
8638
33741
149187
20633
11734
21487
172473
41894
158613
36814
7936
208360
1891
196737
242922
162138
47657
43098
45045
208750
38809
52361
9065
182129
22183
175651
19479
210865
53046
44786
279658
291214
182869
61104
286354
5182
18066
276536
29783
184290
44543
82537
17206
193031
29122
28387
35707
76292
164353
21475
59724
3152
44227
29987
40650
63861
40371
270174
26461
36411
115381
737
11990
29499
224510
30415
25789
5057
15404
67779
258332
77156
42883
274145
142566
250820
17785
8757
47217
15522
22197
4170
159082
120733
177266
31651
32811
156361
21336
27919
8942
24843
177740
2683
31111
43235
26846
264653
16436
27940
259895
12855
32786
30107
268642
102229
28943
166967
22421
43932
183296
189881
41577
297985
81886
121610
295640
39247
292555
238090
34147
9933
38216
78865
225070
10984
16449
46405
4229
41594
255616
226799
33513
173197
283756
18632
47112
21026
23973
20337
257096
197200
24361
11483
47459
10193
25595
52750
207389
204252
138201
294622
3610
45903
139562
44695
217811
32252
24883
258766
185656
60863
19962
17536
14616
58925
38045
259804
29792
14229
45791
147693
13296
67440
429
188901
23570
127490
292062
38796
37411
289438
48785
39772
35234
20774
3793
245932
11748
22102
269268
9576
4785
53115
40
18829
140463
6874
52940
44791
286011
236992
4308
36395
9651
30869
39496
20881
118697
50824
12386
40421
173582
157551
156860
198604
242422
39392
54447
42392
174789
28258
23273
36152
30967
106758
23665
30737
8525
38540
277307
81647
31658
8781
26544
134930
5833
14056
280437
120452
105329
27083
224958
54592
19190
29551
18860
111384
22071
105455
25352
30859
39342
182390
1004
6218
838
33056
210651
231
12482
32483
201259
169179
248403
181657
129167
14522
249187
34498
34357
26557
245244
9749
44964
61088
2669
5320
117985
244166
39276
248473
102802
212546
9460
28511
13617
10272
290226
279013
2498
109405
252118
227579
20908
219439
4275
133174
154013
237627
4056
33465
44300
252007
29710
202048
44937
47793
137698
5223
277086
248825
34603
39744
92024
33086
153789
116860
35246
36904
43084
12730
195513
101635
35520
34570
114272
287729
37594
13935
6334
97759
168683
11775
144633
293208
32068
13083
52585
279645
6904
175781
16944
36878
100502
39563
266062
35782
16651
35303
31048
180011
57426
4136
28517
69326
205332
130208
33073
38439
17922
122021
108937
9372
38484
1120
43851
76863
97338
159762
20384
10341
15262
3379
254364
232836
6546
206448
18987
43022
36386
33145
11430
8198
298345
27464
266279
7600
14541
43668
3594
29722
25063
246280
22982
57421
10460
249801
109771
18473
128929
51528
35470
6757
43785
46909
31557
228636
39683
21776
20035
33930
17852
18804
42779
48691
22126
31077
25586
75078
43350
86101
116898
48514
226731
18720
24459
30693
42047
35860
262493
90007
25741
124647
131838
29182
11983
55079
241256
41403
61114
4644
20447
85862
28825
7952
118073
159291
186835
11768
8923
13485
228230
172341
31939
47397
17202
16021
28790
20434
21544
8532
102729
171939
113361
50366
165868
274729
34538
221821
146120
11189
280171
43887
9137
23152
23385
6034
3349
118531
164301
195966
20207
39113
45907
8681
212895
147901
34319
32445
151441
23170
25064
80014
53004
25576
41749
6024
17466
214114
85597
41960
43835
4958
241610
2700
37530
39819
146769
46832
78799
28606
76255
174731
29001
32330
22475
52838
261199
30602
20915
197095
35313
72707
16412
42073
111105
70922
47377
230927
170570
47970
53773
35646
14404
252173
57786
43626
26940
282483
76939
17895
26561
73013
31144
188583
18041
101863
238962
45950
188266
59886
11089
49355
34312
41330
183227
17178
32054
5317
48121
20535
109191
78612
81282
42668
7939
5368
6285
127262
31284
195436
40590
138498
113406
100825
184360
38089
41612
11372
137137
1151
7326
5703
253555
10568
126397
225117
31969
34886
36266
256808
67380
96546
12748
189821
46157
240397
81358
10114
116661
22625
218380
43796
153749
236223
46066
1587
153816
40715
13589
12817
44278
171385
183968
42776
268034
3718
34470
38236
76530
32368
33549
203346
18411
170317
255796
39366
158278
118634
92814
172719
49524
33924
247304
23139
153798
34793
45014
226570
27426
20140
38227
38474
267206
266951
113706
274731
244276
27143
289658
9287
177113
13732
50489
12712
15038
22385
64589
28221
34760
131485
72623
220186
232843
229781
125490
264663
27511
813
185403
34220
66858
6721
269815
16870
162538
43825
39309
215667
254947
45683
211808
17718
21481
27321
7344
82145
24975
149114
11494
63747
287874
73613
237263
23149
70936
10063
106991
68
106313
131792
127214
87285
107938
28443
208596
94830
177745
296327
11755
28227
6558
1645
241386
2191
153943
39894
87573
35021
25725
61472
34051
194920
32459
273471
16261
40597
32502
180784
265758
218408
58879
10126
3289
133442
24953
18636
255302
243680
27862
17519
56585
57238
36194
6266
281933
229000
7037
124843
7000
163874
18823
17388
7284
267058
239657
8455
109179
15319
45227
38715
171943
9291
95319
87018
22479
34668
139296
40868
40147
249514
27835
99402
273841
141756
191137
7367
33784
242845
208835
141023
70240
132891
143847
3779
299288
204624
232645
180378
67410
292141
9008
59852
148040
144446
7515
179503
193520
33894
74616
28707
3673
42866
31808
18666
24601
5790
168818
46171
272411
28053
40997
11918
74291
140500
5605
18365
138045
369
229666
215242
183678
12862
23910
16713
13386
15678
261606
240908
43118
132119
38732
16699
129008
276772
10875
193132
172183
216991
26244
54026
144709
214456
37353
127828
12625
53090
55045
26385
278778
243289
86803
6728
173485
34920
1194
46295
23995
82627
125405
35154
128764
3274
292224
134440
130975
33157
206313
30150
242555
142959
11399
108161
155942
252808
13112
5584
188795
131937
35756
37931
151183
27102
26313
13222
10253
225568
21651
249214
30670
21835
5922
15527
199300
115590
34322
275321
178401
262088
38747
42452
82328
496
108733
8656
43729
27040
27435
179183
58091
242876
30328
165521
8518
221209
3735
8334
146666
1877
9542
133866
123273
25007
88872
6977
33818
29766
29525
22367
252193
61248
58779
101084
7337
125453
2366
56087
32961
21897
30416
201488
296944
35832
35990
28042
54061
43528
200313
192424
16951
41647
234358
45614
207804
50624
43930
82560
270219
66261
38915
68169
89637
868
31585
35122
9132
17174
476
159563
137587
272441
261428
2864
151123
292925
35723
167307
163365
5442
23358
13706
23018
220033
2062
9932
16491
143322
17103
260994
4161
12299
6769
160684
194890
217690
26274
33370
37295
22717
8749
122696
15350
124833
9453
9538
55604
289620
33756
202639
5238
33251
142504
271209
15526
72808
225572
124551
39762
26812
87691
6848
13758
282215
231827
721
235292
215873
1230
14784
51312
8137
84715
14654
11467
1692
44820
10513
37237
33253
96180
296436
88554
41380
215668
26350
6801
136964
294374
221246
8726
186173
10074
115182
132467
44517
272049
42290
151096
24560
24249
186781
72128
3043
209734
41607
44100
63773
149112
277595
32670
258407
27674
277741
43476
208356
26585
65764
2018
42629
69545
26289
48707
110662
119914
143154
25934
23717
215548
178939
247991
67905
41138
41113
203818
19183
246042
32189
213871
14384
17330
9641
113593
29611
121716
15607
86833
20958
33902
172422
194865
260336
15648
39139
160277
4533
197774
42681
57831
31683
49378
127651
194036
232627
15057
40302
7487
39415
172295
57532
250705
236438
39030
177114
297156
25068
280702
25087
164833
136979
44398
163121
165661
9802
32838
57506
125992
41476
33094
237053
23261
38811
202451
9804
8102
39208
13118
43525
54608
32923
34024
11485
79447
18549
23882
40211
8892
114250
14152
195959
41086
8812
232085
5999
32563
29992
43333
34356
97217
4723
22411
248650
171570
236943
18539
40462
10992
39188
9493
103840
62517
84404
27167
21957
284203
2460
132964
281983
17538
21948
146319
10201
18485
12690
15602
168199
18455
16942
82617
196137
52234
49551
190404
30558
14320
191333
199515
54580
3352
59185
45137
4485
4033
9502
40828
4289
36517
42386
104684
6090
63657
118168
23207
26473
4520
21595
9495
27817
39111
238481
133991
279558
26733
179006
26901
40125
44724
84264
3093
19080
1592
84928
246847
183019
2524
41911
100703
40698
222890
23332
31039
262200
62645
18130
5524
181746
416
11519
245423
11710
33806
204487
139219
88104
5067
27225
39078
9868
7977
23304
5608
15345
42707
46736
45217
48034
79991
14590
16710
274528
21281
9092
41133
46181
266278
16604
127812
289095
205996
25388
27236
30939
17177
26268
45191
150793
48082
11810
193682
33667
58301
250227
85871
192875
12683
22347
255491
198090
9024
124670
34429
196310
35490
160649
1490
106126
209959
196275
203
136279
45132
24816
12108
10305
31959
20297
55348
93718
262265
30959
138827
38779
50263
17704
46539
20331
6386
120229
269125
254173
46884
82983
42951
4306
36367
9393
84067
37418
203772
67332
41760
108648
29355
165763
228965
119742
5299
67870
189409
15848
10187
3570
13869
44847
43347
8705
39522
129035
105003
38804
7092
185269
31080
2010
216490
29224
116673
33472
215518
17584
35653
295133
26683
289576
82598
248051
237600
7976
8116
26908
38828
40448
149479
26224
197479
28188
21076
263996
212523
82214
220842
11106
29810
269213
113146
224297
57382
29947
31510
142211
24130
281381
14867
42275
17023
13357
41616
7765
40393
4819
176425
6432
163401
20871
22236
116596
34460
31736
212343
47649
163186
174125
39763
45029
14378
23552
43907
33720
46691
38821
69479
259989
56975
125390
16016
194781
121365
32198
163291
45009
35004
10885
24972
4715
206324
7262
114464
114423
10035
4385
107487
269600
21359
15210
264331
4324
234702
129707
40297
749
4217
20865
27580
14273
21883
8497
16520
19816
15592
7795
51804
18503
12248
12261
230929
1716
24617
119817
38614
252653
36782
10897
83461
11792
47099
23262
16373
5487
285417
46933
33435
22303
106305
8851
46335
47462
71534
29220
32491
262249
37511
237232
4228
152671
31920
24503
33700
216746
21502
73536
241014
27112
181210
9141
206172
2661
283400
254514
213123
214771
15943
214794
40728
128700
135342
98637
4535
9758
13696
283627
25462
250756
434
88274
171813
16724
138621
96511
6064
40839
22254
65400
152913
23038
34105
9075
2252
31168
17964
175413
36670
2162
36558
17649
218941
66015
78877
25672
251933
15872
2472
17086
360
185467
25146
137727
129694
11593
261977
56306
133678
25130
13387
114739
39634
5346
83683
44953
187410
1854
275294
217440
120397
14517
38406
68857
24264
205284
35700
58338
20259
81219
77255
34710
17379
192293
231057
7746
29209
41271
163940
22539
62854
10324
224836
12949
40858
26622
299004
108322
39190
205517
37886
9838
36565
49182
1117
7664
18221
283315
255354
31329
163810
109007
145365
35582
36877
41145
32048
157308
22025
40938
6088
27978
168956
17481
21747
39116
16213
203677
169868
35100
184810
25266
5535
274247
40635
248192
964
173309
31662
5542
165722
26879
205204
2177
10891
262805
22674
5285
299307
19903
284357
10700
195179
45727
36649
269762
80922
67027
24981
4570
91634
31089
4163
106692
216689
46068
14245
32632
38063
192611
166288
5649
35641
123516
5880
20029
15141
294201
200037
287197
172032
156535
216970
201668
40267
5235
5270
37613
29951
222265
90269
288538
95725
49051
14149
38865
138578
14005
11860
84584
12738
21838
43734
69542
7582
114325
39811
112128
42091
169233
11978
242548
34711
61855
229864
166283
179595
33185
193336
24227
128045
30800
225091
67837
117724
17663
3168
83583
38088
95522
45265
15673
144487
26304
15852
38055
235258
15400
32342
20604
268407
10410
10643
23241
39710
38565
105856
267901
129645
8027
19440
28893
180439
111400
164292
12519
80380
297487
15600
19906
117009
39542
53519
132484
282895
95213
22039
51785
38279
24565
42694
2323
76894
105379
29594
130983
52504
15177
108136
33934
152255
4029
262948
139178
274804
54383
38967
60768
126151
5875
270775
89903
165901
44311
185374
35042
95996
215465
42862
177387
177996
126210
60118
5960
30387
42597
129928
86853
246506
52239
15047
23517
201758
277989
21649
7868
13989
186606
41106
228605
24646
112999
286958
8184
139899
65465
134564
66322
33044
126056
167798
66205
3654
152434
185994
19828
17005
78137
65365
187715
127047
167757
76893
194256
33946
47438
7272
110774
185472
225538
33781
37954
56321
43325
156854
113
42949
72541
266568
267809
23042
6986
30825
102388
271785
11039
243845
9735
13611
248460
175248
48349
149290
42850
29155
230590
235630
185295
4018
278200
38132
204161
40726
46101
37507
262376
16084
8393
245535
178673
6038
23163
26217
214759
243467
37498
47184
25889
4840
72113
75664
113142
42822
21805
32153
28639
24210
177120
42940
217131
40864
27748
1931
34285
23713
4328
26666
6420
40412
151897
3014
239954
12872
36088
79678
258168
42494
36749
19553
6113
18832
18075
39855
600
161098
225774
251464
264034
15536
266030
43051
26039
99899
13575
115050
37017
9924
128347
244969
77405
42268
5094
18212
