43694
219423
2219
55203
34141
234360
85525
3392
12982
49780
26171
31809
144582
161560
6485
220227
82812
29333
37755
49621
26658
11327
10147
146316
72199
43696
12092
48592
61062
40347
32211
38764
29805
261265
34165
52940
46106
117775
50465
1602
288755
33934
289557
70969
7105
28446
22325
107122
287543
175231
31176
42386
92871
239721
45481
184
44149
72946
10269
18762
17536
54004
95283
190583
9302
10160
26666
269034
57353
41690
48476
298501
224791
7302
22944
47181
191954
40915
10151
58194
120259
17000
1816
445
266616
21281
338
53716
18007
12981
28510
104771
22567
26298
250515
26794
34213
5708
282822
9938
41118
176711
27807
149181
25103
238150
187392
43079
106165
158264
46208
298010
40676
250231
24975
55606
289887
82012
54097
273922
229763
46884
34430
291259
11584
18268
205196
80555
43585
262490
7578
75519
51969
273182
8831
27883
92093
55820
39947
217709
47830
31982
41708
41040
88641
22883
10049
37759
152419
147333
18052
70625
37922
46786
7230
50696
58658
29801
12158
37942
170887
55340
7600
70150
43644
38781
37728
176602
34597
21484
51317
17265
180816
6455
253670
21953
3612
182422
19320
6716
4470
53348
49163
41058
164270
6269
24908
271477
23291
3197
2934
240468
134719
26890
24280
43384
293182
5965
26907
32457
47774
219542
38704
16390
2641
276771
206604
934
14254
10891
248968
37786
37931
206212
76649
9000
140334
15992
12812
17375
152416
29159
38698
48490
58313
59082
234
34121
55874
6447
277977
43074
112383
29084
1214
10750
7989
132622
190529
158446
50409
269491
25016
20592
31474
87972
24703
29594
257974
48917
1470
252577
19432
10239
34342
47424
44763
28557
41569
7470
53254
28371
42528
34534
45678
51614
40284
35402
251984
52379
46849
20674
17144
17105
19472
22214
42508
49467
47901
2728
37984
227846
4191
167887
27375
37590
28063
243555
22132
21764
43683
55286
146528
170150
54697
55859
40157
172002
98152
10036
97937
84241
895
37324
33550
18731
23796
71305
41689
19180
128375
51837
43958
25893
48274
296635
263929
52815
46969
243764
207457
36172
42253
86888
224994
12653
22082
55914
10220
30592
163693
40372
39003
13462
6713
268146
10500
23884
78083
31266
45693
73352
50103
99503
263467
62540
193481
52227
17002
199137
44386
36250
225854
36045
58312
55086
138439
47343
75243
279937
57864
106790
10703
93798
113556
34469
34001
128624
112234
54328
34902
38051
230202
33085
12125
6454
254484
47409
139698
106271
241546
62134
11969
27219
12029
46020
209065
189578
16616
230586
8810
106903
45645
45901
5026
196057
46092
124418
288069
21090
18944
275656
28625
50110
53868
67204
161036
22314
60273
234825
8706
163195
19835
96535
10754
58872
59862
236258
85872
1781
15187
101750
57396
34576
43435
5815
116077
3966
138237
41567
75090
21805
204521
3861
39093
987
181781
1181
50062
53369
26530
289822
196125
90737
26347
190795
9935
31946
2081
66636
258853
37102
57799
69352
75925
70440
39676
21076
155671
188397
8220
201766
10112
106700
207192
47913
212949
30477
8531
132820
8801
34223
6349
130546
42854
3642
1517
258814
1908
29764
295239
72340
41615
15737
299202
52573
1721
3745
47451
26355
13375
97976
48411
52477
7931
26260
292125
28246
243216
131780
45916
14449
35511
27103
31370
257696
53847
16597
38252
32565
48417
12627
8498
81049
289987
15037
24454
15676
45037
47018
54819
13685
81714
213789
210093
25150
271942
37015
293126
84192
5280
11239
14619
24463
33983
47567
70752
231763
143120
5664
44654
149850
41645
56135
37442
43563
36536
255104
288944
43300
54342
32801
39191
93262
266653
45472
52517
40620
209870
14061
245062
53566
251081
52545
36215
236661
1979
8008
179405
214262
12599
254930
26536
43407
6730
45246
55869
19294
3921
174632
72760
11193
18375
17959
30323
7242
1995
35512
60568
25283
47857
661
2450
162022
21200
107488
121894
205491
10495
167793
6964
19422
130539
211270
129350
191556
15360
23699
297347
78249
48239
31051
3468
19200
178241
133195
96425
13816
167806
75720
5720
9250
76041
40766
1844
2644
23728
149278
278315
293547
1185
37438
294728
54095
291351
159877
22236
16582
19246
282431
11398
20665
43580
92451
6645
108071
43415
34607
78509
199126
22982
68145
17170
55346
35657
205791
175407
156062
219306
173505
79796
44513
9467
42762
54410
19567
21566
284293
190639
10270
40979
284039
100242
33377
87180
262643
19008
27568
284954
290254
49363
43575
31652
53129
257468
25532
44273
27557
44907
162565
27068
6692
22237
45786
49217
4239
5642
60011
19665
120252
5887
48806
132104
101319
45564
47331
199387
43253
253194
29839
14564
13983
47782
225485
28731
211138
108891
10871
103926
55111
26935
228544
284264
48955
1757
46588
9293
53009
10141
55811
273662
40777
185687
229567
40769
2720
88483
145623
42015
20480
39330
32739
3527
152833
42439
37268
25095
13508
38695
38469
167565
27937
7869
24381
131272
62942
46592
28528
35194
214189
24844
40230
25673
771
63846
61229
5980
187040
95762
47864
12956
97035
41037
24403
7696
148659
125374
12962
44819
33743
55751
65218
22854
12210
12504
55028
136168
25040
36975
53208
49997
55780
18055
296347
41678
241309
50045
42237
54151
50800
263500
42414
296783
8766
20432
64271
8129
47977
165822
168790
53167
2110
39318
246781
5663
85311
310
35820
4885
45541
95016
19408
67535
33395
23659
29879
222740
49919
76467
23012
28201
30598
192796
52760
232521
45413
278572
251407
33792
81241
10836
71166
277053
19620
53734
247903
111564
206980
36856
51620
14435
32526
5620
45684
71111
20934
2053
273669
31071
43839
236575
47898
192079
15433
9818
11650
39545
31260
5566
7673
9958
24178
12835
29669
44115
288885
271483
53605
139903
41211
9579
27148
208938
26094
273121
17286
9941
185023
32253
282452
14037
67450
23849
49066
186247
22554
47004
46242
34840
79265
36885
260156
23819
190
42897
29968
123649
214919
16746
63169
31626
255543
194614
10005
54024
24806
12236
39822
236879
33467
30058
118636
99491
85680
15931
28774
218229
188114
9210
20492
19147
193183
107356
37595
38425
54912
83193
91941
36470
173001
7164
28480
19045
48002
26396
108570
14433
218555
38284
48128
145363
35679
268585
56788
4664
222198
10317
46753
38608
12391
161436
13105
73422
34003
50301
37562
62363
24037
82644
246764
158311
197722
8275
46597
8158
45218
254278
56042
5030
20816
15331
41057
16549
28733
55985
75561
23457
56110
254066
264243
17891
47080
21006
13017
44545
13934
11753
162492
36798
44442
49342
33817
32959
25142
16219
11585
4887
36553
16340
7832
1937
3958
12575
82036
284195
36752
39805
2897
183835
27074
287995
159755
57313
148852
223175
188367
42681
15867
190187
7279
30759
54820
48374
23818
51018
26475
18854
33559
6735
31663
43488
2647
28203
48624
33322
3592
78896
25396
184015
290685
48014
47177
44324
34926
105211
221768
272142
8182
29593
12416
29181
30304
35794
40935
2951
12199
44140
41572
215085
11556
13138
38360
116755
53488
42247
260171
25340
56734
76278
4476
32355
296912
1355
6112
22788
52747
36636
41500
25674
247865
3906
232934
30400
6937
167763
81778
8047
36512
31337
208811
232759
7208
97080
243400
38386
215612
29492
33826
54602
50651
20205
142458
25528
29787
6277
34105
286668
273545
66883
257977
14534
22763
47443
208505
122398
33608
124712
40559
34167
38078
65967
276976
35027
34203
9660
6822
25177
2983
169679
276183
36121
55718
74363
75562
9327
184877
68820
129150
39156
149047
123833
142012
158483
8955
42744
2462
32012
227010
168086
40499
218183
43416
37556
125291
56136
138953
53662
103677
26374
21492
29246
4513
53482
287742
63004
73203
34490
14547
40572
177337
235180
12399
85209
4593
29251
296276
100949
52414
38409
57478
32713
24055
25180
23727
178535
47558
26059
43740
209407
123394
208612
37488
12308
3001
275087
236658
45210
55307
142735
3779
285561
20596
53877
201467
35998
50536
37745
47290
131222
20441
225371
39421
39851
45521
41097
17253
31623
7686
170126
18736
32432
7856
36315
54977
94787
92069
15369
85938
154925
275251
31789
7840
227061
24198
5285
115572
5923
73533
34548
72626
53647
35709
101389
6811
31961
19730
296965
261605
153233
28488
72971
168627
6171
218736
68490
76219
3083
55112
13710
60522
23595
226404
30301
9619
113632
16912
17714
151472
67873
24780
124177
23900
266565
79174
168727
248430
39301
286730
152693
174849
1954
169892
43668
42261
87391
31779
5326
237432
206379
22205
39977
229070
83161
55810
43808
216744
198877
17229
28455
94987
135318
80899
8769
10851
135106
283855
46253
53180
166708
1852
53536
5789
265581
233405
34360
31383
279496
29157
73970
25836
235159
52588
245923
44211
173862
48238
78920
70445
55817
221519
231475
102596
121864
283951
245318
10504
214728
226807
100941
36931
242182
23020
30328
294937
272381
54469
47235
1325
184418
104687
213380
37302
22305
155583
58240
154765
280757
27728
40473
10283
51144
5469
32233
13030
22041
243631
7173
27955
172827
66470
37607
286686
18985
2810
76655
4549
175578
45372
50572
2368
7554
178577
21632
1453
41686
28324
28974
53290
35740
49570
61162
160301
75625
13792
4091
227305
19185
162739
242517
42099
158146
95896
31111
35719
100638
29551
236698
40950
1572
161518
29928
147378
37480
57035
33661
3900
46720
22640
4213
1209
55556
74380
9068
43543
235565
53710
19076
6218
219047
14062
10517
214389
42696
4660
9460
270083
110872
84391
37871
17786
54014
188689
19720
65205
60920
43515
25063
14035
11269
32081
43061
18470
29557
43901
6395
7223
34876
262900
31973
14370
47394
11407
19853
264594
76464
133044
145771
5109
16899
56417
31341
31224
99573
220248
33226
217851
100753
39350
10426
107347
45695
15183
45117
181501
32138
221938
7017
118940
37308
81895
20545
168739
83112
192442
10145
67375
60577
51206
33004
33252
200261
66840
52870
162363
281276
51968
131844
213961
30227
209821
279120
68219
4573
274757
49033
232972
37718
27456
55567
48556
190568
35811
16774
213022
55205
31556
30310
51553
26490
49552
29666
18966
128793
34838
16896
104764
245369
30104
52682
270692
32995
42166
19169
39056
218264
8247
52724
30020
46526
44614
125660
65082
21660
20345
3801
20054
203044
166179
237062
40989
415
82130
249382
210247
13341
16227
40234
45458
188768
145591
226136
52384
35805
68942
37599
260692
281655
205064
20075
33766
53372
17027
127272
80464
6360
14220
64224
131298
15477
17150
288542
248651
22071
75238
25081
46999
50131
34440
47220
265842
9296
1943
66300
14169
231121
16164
59155
34639
58766
129602
14503
41402
5001
180346
131986
39276
36314
25159
76960
56010
13674
147621
17594
45374
32423
53883
35976
55321
56108
4241
279856
209069
203605
53575
59326
131963
54156
47569
46685
73152
136805
86101
55752
37499
12053
38087
52272
28969
294291
53385
31547
160335
53969
14275
115626
53455
23452
286628
51054
38083
55093
285884
2814
14752
151942
41082
283230
47682
221905
56241
45803
296096
16799
18905
18127
64552
15615
132303
42820
39776
131829
24184
186313
18958
21741
27102
4595
25786
1887
174334
172091
18816
12647
204576
54270
18735
26279
23471
8376
280477
47286
123754
21404
39481
37347
257566
196411
62451
81318
60500
42906
296006
16565
267859
123428
127864
154897
18264
30571
34561
49099
55398
6267
19292
48631
233817
297088
229811
51067
33244
6133
7675
147346
137416
159864
250
27562
18232
13569
282224
137368
249514
17792
16325
54744
19723
18261
134738
259256
105184
4298
84282
94428
52160
8610
53681
4913
17102
52337
40669
228492
153329
46094
47983
27836
182533
12906
8447
33998
1383
43765
54542
45099
30909
15593
153549
50457
14073
21783
39846
160431
124818
172194
30172
219649
1488
13864
51668
33840
44491
62402
33697
32681
147014
35256
49971
1205
8972
15421
49920
12336
1396
125757
13541
30681
281331
41907
35948
271402
222648
144358
178918
259275
14414
54526
50877
13763
36468
43748
74022
49924
22451
198760
14368
28683
4305
50448
235191
47076
393
150916
51354
84140
49234
32608
41139
88160
53786
27679
51771
34911
200710
86195
297808
9398
158308
264305
78898
11688
189666
267629
18103
69582
64311
137659
22732
19610
9468
162591
194364
24625
18741
14363
210971
9989
31631
214254
35387
239327
1562
17101
21786
210584
15832
294794
21008
18955
35498
28962
54734
46840
162261
20797
12075
41759
132364
8420
27622
11285
26749
15285
99400
152712
4914
135734
61311
48646
30103
51450
27949
38097
46486
217012
219841
26354
41740
4761
16531
21683
209753
126669
54638
105669
26434
137374
35232
42117
27939
20618
19724
244477
65422
35859
90583
18321
36242
269102
292565
53502
117331
2826
37419
227829
279450
44683
589
31928
80518
298317
37338
7670
12266
4713
28368
68392
27461
18104
46878
232983
108343
265484
23535
54200
16272
4928
8868
80
42044
282306
28884
142622
3920
37865
1157
119023
53833
100891
70107
21498
52355
130594
20529
7041
9664
205788
288198
36991
159006
37985
9014
25871
8982
48628
221440
248248
38752
37126
13556
38622
38205
42068
81754
28596
104156
14014
46544
13849
34819
121769
25790
49441
282067
10371
16873
86284
35356
219195
179182
23351
48549
29208
244055
21313
10295
43032
27638
20145
23896
54690
32469
189022
3229
51728
8894
16906
150463
157321
34545
38448
5013
38109
3097
15265
31538
100601
237644
232678
49871
15148
61775
7671
134093
22203
34215
20030
38337
7061
53684
53229
50839
6334
26343
40586
53657
16370
28771
30135
22719
10615
28837
52835
28342
21657
162999
27847
106817
29746
96486
1102
118104
53185
214736
198388
21165
61802
128146
9345
294613
179339
50098
235206
285283
202310
23058
9112
11775
38516
14887
8927
27791
45549
71563
15594
243515
26458
25910
14020
14904
49210
63042
190567
32913
13974
3115
21103
33965
54068
34718
1947
167918
80855
6877
259041
74090
27185
47429
23575
38075
36018
51327
21925
30973
46128
159292
37564
112396
252264
52807
53294
11553
44074
179727
107329
51391
283649
282876
17420
28161
174424
16941
52624
32611
84523
11683
4497
45166
21755
51399
21593
139043
197432
18471
32508
5419
158480
44433
215075
122088
29472
54460
22813
22164
19743
37374
133916
52610
24005
199373
14997
37116
41960
4078
21972
30765
175986
17280
35123
266680
16878
38703
6411
2336
49410
36001
10668
202296
15127
142074
27959
240850
179295
18696
37490
140030
27086
36071
158422
42521
31493
7377
109754
76455
150801
46226
695
10738
168398
73309
275761
27723
230363
37638
196566
117598
46987
26563
39168
246971
42882
12104
8348
31268
69089
134007
291756
46567
23701
52388
26777
1483
73928
143998
17007
274676
91663
15352
54671
72590
52791
34544
29401
75643
167261
175800
120467
32207
194765
53889
104325
592
267659
2589
15537
182740
238790
11029
22889
14041
20232
132116
25192
281595
282445
239031
48906
274262
45482
5208
56026
207303
53248
46100
12342
200514
97193
254058
208516
5774
16825
38631
251972
3206
204680
6568
15273
51250
252406
31615
12531
189194
1901
257552
24217
10596
136678
33660
297845
156313
42725
108440
21169
49907
47393
31600
43887
120895
30356
76362
26278
7100
20837
42819
185011
12760
21577
46944
156585
42599
150021
19595
55074
13432
13768
46707
23170
35602
181229
41618
185133
35307
51197
1725
23505
73850
14759
23347
213416
30809
53940
265583
3964
130503
297162
53887
6554
48608
52922
52316
35208
37794
17137
38210
147492
297437
350
18260
229516
8962
21734
162883
52493
4687
194411
53017
4629
46296
72477
13240
39231
109087
55795
9847
54484
52553
287555
75263
56857
47634
4371
46918
49959
268041
6155
2855
174060
217573
29875
261189
11262
230239
20068
12179
262442
727
33288
32794
20693
248623
6853
40506
96499
33341
184478
21197
41229
15513
35710
32392
38140
47214
39181
282293
61027
294614
4737
30338
38447
2497
296004
35822
48018
183222
18046
20634
26741
206809
28593
15478
31335
262309
42761
187234
20809
204186
62340
69288
13362
25570
80944
23715
22040
73413
243868
99217
58559
10244
264896
5423
208667
146540
206036
46727
6509
162438
154532
1320
3279
177253
14128
91807
16205
26544
41544
153511
41627
39739
120510
279444
134002
113622
28877
28402
12108
190305
172842
255693
66689
17744
29388
23569
234336
30352
42668
168880
49928
30379
22945
218888
18299
17333
122423
142037
261106
55295
35063
82039
9213
16947
54390
31033
279523
42457
33732
232487
35595
46435
27522
4880
35764
36570
3784
46444
46010
17524
38846
48164
22572
42034
215895
20640
200446
251112
1398
70015
9002
55500
258826
41025
44874
23162
82903
19735
9556
2978
52476
11007
99232
63675
14217
45688
48413
66020
51680
45698
55510
165179
17195
6367
204417
9883
40754
225299
64267
49329
99709
26316
102034
53086
1774
14109
46104
78019
106607
26810
50196
102238
54357
51917
39031
44846
37921
17124
32516
22115
29829
55442
111233
9658
28306
32917
18783
2835
173593
19216
16507
96752
44125
11458
3726
156656
226718
975
7966
55822
229547
13020
204343
216197
20517
83152
34447
151140
13842
250966
12657
36979
37986
246263
3833
17712
33211
3133
27904
54043
13845
194896
162124
175371
49937
4307
295013
238023
234190
24385
238175
24711
115686
34661
52115
51065
51263
38200
70581
7299
71341
40932
40709
12300
38123
6222
286916
44013
269962
37431
26983
26855
233549
147006
261089
122803
14666
17766
172633
44006
9998
17908
28141
282169
785
26268
32187
20081
21762
145036
105260
35652
41055
217074
48862
150344
296
25286
59900
13148
43484
51897
133110
263932
101752
14549
188492
22485
75795
49353
46797
52318
21171
186961
16452
35477
464
64914
127925
63958
124782
254069
22888
22005
118574
26854
75363
54002
3091
1056
54345
34916
4825
50560
153741
43287
66734
106820
979
6600
278499
59475
75686
102387
38852
880
269746
246588
54751
143464
3743
68334
24795
69888
45339
236880
251683
23483
21814
188599
50765
36244
34865
46776
10893
109355
34924
45912
8665
60874
45459
100356
74315
16510
9471
204675
39550
153949
8947
25253
41874
25368
29687
15669
46883
33402
1431
223804
45463
27823
1434
55572
47514
52998
35616
4301
239916
13407
113337
29394
37515
15189
31755
42945
165931
6242
23717
184184
170264
71964
25418
32252
26195
19340
75270
272550
31752
32087
112192
6540
33230
51649
17126
30581
9001
37716
25329
272868
47587
50848
144896
299300
206784
111403
28433
200241
113923
31108
46548
5127
159798
42385
184661
29579
191856
9273
7586
55327
15100
26412
153363
173782
187950
56574
248731
53230
34294
4826
297361
11597
9464
50964
153891
245735
103509
42739
9137
84053
46271
14487
62248
32704
288186
930
272875
5644
33213
197108
22779
195273
27854
10735
24994
45685
273085
16789
12177
211272
52059
5885
29193
54841
50442
8004
257341
50897
12383
110189
21156
21460
28613
213658
61915
22823
125695
289056
23741
12815
50145
25096
35527
106241
12205
152066
14552
23955
26627
35528
51044
14632
19881
54230
16421
42366
31060
5002
235
81694
166139
103440
29106
62100
24645
21852
58612
16373
48520
16776
46834
44041
17978
46002
34650
30285
42150
49744
84459
7887
15268
2241
213088
21297
265213
26626
237747
12035
235829
128705
20189
50642
163499
27796
106424
32711
46332
43725
28743
8508
289460
4347
108948
30793
47203
138400
100990
8434
54801
15728
31531
1955
10897
16914
71552
2147
29636
29957
34498
76875
18613
232498
275800
40625
23837
8641
267050
172877
268
11132
47051
77459
27135
13521
190636
186209
33667
55529
35718
40099
38027
78830
253791
32561
28084
24969
4145
19858
40771
167326
14025
46752
185972
54104
29411
88218
17219
8387
75501
108408
205356
37121
40955
47432
53739
48739
21087
22770
37118
1232
48366
42151
33942
157296
187672
13615
46484
26244
13199
3015
262572
39924
291104
36606
39321
187853
21232
47626
220756
426
13260
117160
298125
39135
102608
169064
262351
117660
43340
115391
19846
27631
241018
18897
271004
4127
23022
42720
260531
142312
264959
25997
184751
23415
18563
28206
141123
28270
188668
259214
8410
55212
27407
19102
42625
13356
143039
106772
26262
234989
20348
6546
15641
116906
29512
50969
62912
188707
155378
73311
224209
50371
36612
34163
41581
32183
295409
96645
171385
161425
232507
51089
13171
278017
32283
35758
55655
45876
212677
227615
64236
277825
23387
17560
130323
231370
63189
38660
92902
215763
14646
111192
31317
130953
24592
5947
162917
49620
226095
160736
50898
204043
204492
49025
216056
18507
39778
5177
290053
42430
130256
48521
36013
37073
35120
34587
22238
12046
210888
53542
3199
51465
17503
39446
38941
10477
59112
9184
37090
70583
53642
69509
11237
6899
39389
42870
7235
98094
55260
190427
208045
53227
42908
54303
36464
53532
239650
33209
18325
214006
185562
6756
12450
22405
33160
42129
15290
95895
35636
156439
223200
42798
16747
153235
44566
42305
1356
29430
43946
40772
241242
221734
41541
19283
177698
248954
27347
49729
235546
16525
5986
40705
28147
2442
217742
246066
36944
12952
25776
51001
213706
43240
34320
24961
2111
2714
25014
170431
19125
195325
203303
42776
36426
196331
7908
28410
35927
146218
33600
44521
12279
17293
25215
30245
42076
196353
167186
14379
11058
41638
36025
52344
172254
164534
16201
176950
295662
25761
6159
16611
6263
253293
19617
23326
19361
40605
101543
40058
26990
165983
281618
56642
53901
35644
116149
68998
12428
6010
230042
28922
4575
209396
21126
44542
9632
33225
178859
34644
25092
72901
40176
160988
9132
72502
37846
19527
224127
10423
190768
20907
29235
10600
13981
120441
136352
204524
48525
182538
32672
282101
49946
111083
89942
114839
38761
49095
33094
23591
15904
26272
165827
276392
1790
15790
52984
33629
74867
130981
11050
39417
20022
28287
88524
24407
50016
17696
51483
218230
21209
129519
294633
20325
62311
270527
15849
20252
292317
18389
7936
184937
13651
92733
51300
17062
38732
28890
49059
287262
99721
10667
131208
17697
39066
39223
202982
13285
41684
186940
13970
49211
25777
196425
54271
5304
865
123985
14936
47604
53321
1211
49158
34491
53680
2251
27515
182982
103132
24853
31147
5324
2635
2397
196039
4029
89563
238755
47171
10680
71555
43184
47131
207711
13681
37911
258372
13123
20878
278769
21582
240150
49157
36274
24008
288286
10753
133345
252826
33919
239812
207375
53298
13290
82129
32693
20645
23760
276036
918
236629
291656
25443
49200
16693
34391
49641
20412
25115
63651
43219
269948
20947
42335
35673
1702
19234
15102
79189
141842
243670
277065
159271
16518
71143
34052
20973
196638
2246
55374
71830
259633
20035
192487
35959
27838
84172
37830
31123
51756
6007
141716
142855
230618
61551
263513
48763
97750
34504
54861
49096
52032
586
29872
17670
214558
29986
31499
250868
242716
26830
196134
246799
116383
35364
229400
39183
36237
3006
255904
281056
12648
251587
149999
12415
283732
4806
57094
19201
137961
33963
65176
10409
36370
24858
276137
33685
47672
254042
4850
22341
27169
34208
213691
24574
233134
19549
213534
238381
49697
34622
32616
39008
57481
38629
39723
53304
17551
1151
6793
32362
38665
103364
83767
7443
37644
260819
30812
210741
7618
26517
8889
50689
3079
38381
28724
84186
24681
49312
172244
16983
114458
19810
1049
39650
30601
18592
22424
21932
8506
120336
22683
49543
1013
280885
206871
21979
36195
47513
67726
1815
4315
281097
52742
190928
168392
101551
27217
291482
1403
26082
2699
82284
56065
13909
17690
9713
33141
52690
176720
152173
172851
33010
50515
237130
42654
2358
41156
47747
200479
7738
41851
1917
22337
23647
24002
52089
171790
11224
281653
24718
37918
44511
4740
122347
241372
232558
19353
53788
3637
16504
104372
64045
25122
168083
267197
52803
151741
42856
106226
38810
22642
265052
7165
35135
37289
174055
38894
243637
170595
208315
188756
41789
287444
41159
279619
41462
12768
237231
10207
49414
9674
21580
28458
60466
35008
2573
84261
45895
80009
51713
45028
25581
222858
21418
13878
23894
10856
46889
18873
185153
30452
13360
268101
85687
265685
17844
44425
116208
11558
33538
60829
16410
29341
61584
5246
80985
95162
100718
42823
167730
5542
274529
8684
22608
31230
25301
52996
159962
42789
34880
19773
40127
327
5458
7063
29415
102157
242243
52852
49411
285053
72844
58143
34957
13720
31532
7309
214582
71535
263754
286101
46974
141693
66330
1021
21618
295282
129391
244279
18208
206643
10301
33372
25139
90785
24485
58575
6806
13780
229651
146127
38215
41683
36663
6052
28918
46240
5349
12744
7121
132988
138687
54907
5827
42296
83191
5591
53924
35888
39485
21868
263255
184843
1583
30473
152146
68377
1700
17028
11570
90597
32219
143718
984
15714
25602
34022
38144
31699
17469
31377
187699
75082
45652
8045
257477
239083
100654
50081
35067
269618
51615
289837
120290
155607
46854
49932
23493
35893
55864
145004
1233
7347
204742
43368
31245
103306
49877
23679
6282
2043
29306
217601
23345
43922
3287
246310
42370
100134
2710
30015
229484
117780
20136
116168
25238
259418
254803
28804
16431
55635
7463
9714
23764
35185
15403
27708
6975
21554
27289
44362
47188
236513
180190
29440
41728
68745
34266
12968
55647
18366
231358
229151
51831
84114
43172
41479
41422
19499
103307
165814
38947
260590
222541
289343
39315
278192
13677
176174
47568
11763
48808
41198
202191
36332
35605
16074
74520
33518
116572
13765
87455
23676
17401
13712
12095
51952
21286
293198
141294
40040
17755
13601
33798
35207
1065
63196
47698
30420
298567
43784
21862
71925
126102
36761
19113
34713
218459
79337
55756
257699
149636
41103
8230
32259
35665
42504
45366
232548
234867
105776
45024
54906
27397
42974
244720
23692
197830
14635
9054
218618
23859
52979
63970
26940
84527
28729
159265
5597
258094
35487
4730
272929
166017
47816
157423
91851
32737
16704
32501
17329
6985
49778
53059
168454
246254
62807
5948
81039
31286
44835
15171
15095
24346
42867
219520
211234
23045
26648
184354
85558
133311
5492
266832
130905
46130
92967
43570
21488
39307
13871
25204
29736
37368
13501
192259
36322
101435
6097
268533
254847
34017
13693
14992
272598
42088
59396
10579
5773
264288
192635
282
12509
194519
50617
31925
214895
166732
88400
10771
33460
121043
35342
234739
65342
37317
26695
6640
283353
19661
55699
10215
76905
114486
41181
9187
45486
10869
49678
154447
59978
36411
28133
40229
156994
128148
47049
29412
45505
24513
39087
47478
53469
235632
17382
180275
27466
21162
9493
151320
44087
29323
54397
254814
38146
265235
261544
19509
293677
27947
4085
37936
42569
49276
193056
29319
219324
225643
133530
36879
50575
48623
18081
165449
139669
41344
1466
11800
22591
49968
49996
50323
37022
96110
259053
175804
38431
43805
15830
32986
125699
29328
31407
24547
147701
260400
59817
14110
230205
48131
119585
22778
30139
74680
51440
106811
14770
251488
317
37049
18422
287816
1084
53995
19457
5076
25618
1404
13163
53237
41574
110798
3890
53595
200538
53774
49420
171805
27146
54577
197422
76830
49083
41023
95706
170245
50632
43326
44314
153236
121384
266597
60591
105232
27736
22102
24396
4691
46258
163164
170165
5450
143653
35778
26077
21046
270052
86829
167262
47412
86973
230371
51209
30827
7933
54884
49663
166316
14048
25547
67537
129876
261204
61971
69182
19237
37857
71423
37901
125891
39238
298085
15275
38306
2443
28961
132324
7021
32985
244543
30747
57182
10063
127651
31584
44978
187036
259965
2039
27147
53199
43800
24692
200940
56036
16149
50072
25021
8002
49175
160628
38196
226818
36659
3603
240761
90182
55083
20279
165163
41427
120663
74843
32858
26129
42443
283096
8349
42795
293354
132123
38172
51058
27348
42948
60750
32154
10090
28098
225041
207216
42363
38170
23658
5033
18287
48301
55494
33568
7379
3739
11793
36148
20118
169179
30353
43328
38519
27277
59276
644
6130
34244
41622
85555
23643
33055
19209
271501
3924
114488
16647
121881
37552
44381
52028
51895
12806
24892
152790
2009
147031
8441
40674
37333
35287
33691
51704
37503
132816
12160
22826
25437
9079
2335
23320
43508
36660
55339
89725
219865
230109
43155
27587
120789
55778
34156
33219
26970
26501
33775
561
70311
275193
149873
4935
32936
1141
31692
258168
39912
253542
4765
8996
225670
1522
50663
5571
45145
1083
1263
4987
24824
38163
41049
32699
2603
62511
5588
70131
56312
9265
15768
47362
27540
13338
28364
14043
43685
69957
73097
47216
50598
203912
173870
51723
33126
18508
6403
50559
131553
148312
51806
6412
68918
115914
34034
2545
11959
294487
54194
29242
17182
97646
109790
14102
13680
105404
10510
172480
46710
34361
10014
33707
88304
25798
80070
51021
23124
22582
18693
55860
265739
263657
23546
208492
87368
14461
21823
39590
249902
25054
175674
91506
249374
164974
37608
76781
38225
115292
39120
34049
4920
123125
287896
15887
44650
220266
22019
132302
273365
26704
30790
61514
16039
11370
41896
38741
58
10909
21105
11679
11883
11230
239026
18004
10372
9895
23332
44082
42858
8272
30794
7998
25540
33711
41586
57849
294548
44833
48111
107951
27579
26814
37821
26479
50757
44296
200913
1783
49763
29509
41116
55577
33352
205595
24036
28570
271296
20193
220855
27600
139901
6876
32377
70585
71932
64758
62669
10058
14786
259690
11048
38309
12757
46875
18709
241687
3335
23848
10386
41450
15603
3274
229815
81155
30817
10952
23549
266322
196091
28477
46491
13336
41221
81649
54461
163942
106595
6824
38565
21029
153676
32336
15215
261541
52315
42426
19455
227410
25121
55726
2609
133893
169822
73938
45154
84236
182390
59935
43984
152148
40098
112546
61669
1588
4447
41826
10111
123729
22489
6489
24982
136268
166842
17821
9842
52111
71084
10348
31115
17159
169846
237738
104494
16720
25359
159489
441
11606
1952
61012
36182
282826
77222
16368
31613
26839
32398
19526
112901
27278
28740
55444
19327
264078
59173
76090
190120
8639
76475
53268
56973
30413
32893
102285
34889
14649
89433
126978
51134
27501
73924
19643
37953
34613
106095
160861
257146
22171
125701
123588
38505
144019
114829
51235
39399
46261
13468
228627
209101
61759
57678
247866
52203
52957
10515
101606
88291
20392
8049
109300
17894
22334
54494
36746
107624
56947
277577
120703
2524
3904
55263
27716
32599
287033
205701
27734
40336
9787
251694
78264
38658
46700
42266
5257
190011
31579
277652
27250
253321
242519
36010
158222
42041
55108
43813
181398
35228
20052
14306
34175
60062
23957
13088
15928
4671
32710
2698
207605
36434
32271
41444
41094
77204
133273
38527
27537
25914
55805
85062
101824
55154
236407
60739
50375
50758
29097
5549
37278
5467
43447
52139
196292
47902
3123
71735
8323
16363
2520
45064
50603
38553
239230
28314
29010
246903
50439
33098
27538
164370
41381
23426
183963
28378
42103
8929
40237
1574
151026
34522
80311
3076
23331
32246
250219
132443
8550
149877
17068
18582
53417
44311
31198
213882
251794
52632
26613
442
76123
57452
32877
52505
73493
124804
44815
187955
185970
15563
4410
15632
49545
41311
176741
280128
286842
50874
281079
47225
185120
26542
256415
130943
22310
28989
27420
276389
46256
9035
83195
36140
13664
50266
8039
4505
268933
124123
135647
7311
151262
34127
19926
57261
2247
170325
235220
9220
42577
181440
13399
42548
279661
34020
292229
208068
42075
11432
272509
29565
48125
107182
37489
54115
21101
189951
159849
231751
65262
55579
9745
135541
4854
100009
32002
1568
114437
13735
51343
67728
46109
168272
25088
73399
28881
29252
40289
46780
220948
38038
162811
35928
829
47702
79371
180336
267296
69685
217440
73688
210558
68911
39415
124822
55236
294828
142932
195358
186403
27183
236623
53942
3179
279840
41398
34687
46470
151510
7700
107916
31816
62987
49867
83437
37330
37066
242785
9900
55173
29783
198856
135207
209667
138658
27984
55750
191527
31203
10787
28102
118364
25918
39320
22722
200757
3554
6108
35033
33416
30031
134373
18195
47894
230501
17666
139050
63016
11085
294683
86107
14963
40152
276916
21270
23899
211592
283919
122995
253811
27218
20609
31812
17072
201574
192062
728
2581
35065
39007
26467
52406
253079
14753
53958
73288
216040
22155
290581
233170
3628
43642
89349
145384
34406
279415
40894
44897
7848
141206
279103
120492
24159
31978
165000
38890
54284
8679
1709
45156
33485
54050
37746
12227
211348
4036
47906
41269
52829
1614
278482
41496
1963
29754
298850
41520
55230
239397
39198
21876
249561
72720
38991
11735
246533
29762
5518
20870
231736
10209
44207
177502
24986
264455
148478
18498
6304
47731
34519
21252
165344
