52610
132058
43388
8872
46787
22210
69238
36571
14988
764
98679
1482
254344
30681
36036
200290
213583
79682
15240
31800
32265
180673
293091
49583
40345
83208
55715
13680
40349
18882
42784
1620
3200
17878
266804
26145
17826
98502
14677
9504
48156
33924
10488
186689
21863
286306
3427
24132
182524
291637
251595
7378
40148
5003
94448
252395
14371
10620
260391
20158
193215
276030
33091
20309
249476
42118
12292
36175
290626
27319
279898
18659
76437
249052
21137
40016
25581
14695
36580
160356
28463
47492
21791
21386
31281
21701
18225
2721
20959
19489
904
271601
170676
25728
5462
39794
72710
288200
268463
15484
23351
299
14690
41130
25998
52895
93258
14440
152854
56477
270620
116448
22437
19573
16074
4976
137763
41015
28006
7893
37888
129455
118580
189527
40851
194894
265068
73394
40582
28498
278947
273277
176462
68755
8735
97900
11890
56639
75910
191238
16098
37522
3913
40746
116540
5398
1982
26903
53564
206318
21282
47461
248745
16753
32151
13807
3287
123273
11797
35143
8218
154374
21910
30178
101964
132461
44425
176699
48266
11729
48931
16389
180434
39092
17913
9966
219429
130682
29776
14106
23682
255291
28598
25948
13402
49143
65009
2152
41855
23158
59114
31476
246172
20270
157964
297861
150557
134209
68484
44332
17276
50612
34781
37981
60287
47800
27222
28377
221502
163776
39258
25546
47857
32631
28079
29470
13929
149291
25742
61654
178405
179703
213835
88325
6754
238626
123367
26499
5967
47502
24289
141839
20252
8692
42853
29249
52903
174242
12254
39417
6824
49465
5559
42571
19063
21372
292992
46737
31158
18635
57851
4666
246167
125174
223823
44769
36164
227672
243627
146081
34819
280568
49869
134163
40043
60250
28165
95003
8157
39560
135289
48052
35415
292946
4635
23907
139919
9684
2050
6959
77160
41408
205285
48597
2258
229838
21897
269539
109471
44864
45247
137748
27511
20590
41558
290619
41064
26243
247903
45514
61672
59272
33603
28331
24019
49694
39646
91552
37864
205428
41068
47831
226495
299518
3357
26118
32163
12255
48910
206495
22708
147323
19893
3289
81423
161596
221946
176562
43792
802
30033
27375
43457
66940
34124
228022
45212
19857
11786
71034
238865
40629
38577
22320
94783
182611
37430
73157
28958
42593
23742
39443
28811
273519
90559
36519
138718
43445
24086
193307
45482
6262
56177
14289
15141
133997
25370
169244
4552
263881
276577
23718
65042
112489
856
35772
30397
49568
28107
17756
74354
42319
100231
160851
24407
23537
63511
49732
71929
13703
51842
38702
36453
30139
18122
197818
22520
13700
18612
47801
233037
10139
41747
272208
36896
53510
21202
8935
18765
34590
46808
276521
180543
277034
40127
29977
10998
8219
94687
91960
118314
112273
36920
41439
277817
43149
17640
60455
5419
79705
51751
52115
158715
204640
27131
25529
263933
47924
47430
115405
17117
113074
249228
3698
20450
68227
3512
284968
43260
21978
36202
42130
244122
2923
160261
271746
259224
2908
8731
51274
47689
284403
267223
25166
13374
282059
293227
158503
19116
213489
60607
161925
46185
277013
178148
9740
18898
2563
207764
21433
21271
10229
14627
22001
4461
18285
15618
15319
8364
13015
70884
40961
71736
152810
145032
172366
92139
49389
90270
1037
33919
71148
253150
122626
18856
105011
5814
26278
158488
16459
55271
51131
8357
48798
250791
43662
38570
1207
30829
42591
261896
131159
22590
41498
13312
58584
287482
17097
256507
208689
105705
24104
146416
225470
4700
1400
289930
36341
41615
56554
221590
28817
256037
46265
106216
229615
155365
4848
15556
89927
29370
46358
2894
21242
37123
25805
34627
5279
29744
266414
18629
70791
293444
5241
45819
125140
207234
46782
41048
13740
45102
43085
31447
40031
17581
40459
13724
13414
68588
157314
139857
41098
51089
72296
44719
15619
199677
283657
42038
21233
38026
1972
3148
278337
29371
48519
83313
62437
719
166823
50121
160981
234997
7368
36344
58003
19206
23212
245693
64501
8352
148264
45282
5326
44580
43533
18517
15845
17068
25568
65568
253759
276419
51342
75300
43530
33934
117839
57410
37360
25886
23139
6347
84142
53473
50302
10666
34581
190347
132434
289733
6503
24597
55112
168478
277107
152568
68616
4076
29750
48582
214227
48292
9236
233348
61163
27844
35559
21068
196685
280102
1132
2643
27073
116494
140813
729
55160
51149
3156
222046
112680
38700
59036
45480
210472
28711
9109
17462
169763
8757
6717
31815
86958
23005
1122
229671
47108
27843
196060
4337
45659
25088
71327
28699
153846
276901
43894
38488
45072
46818
16581
31397
19151
222445
25077
25849
64019
18481
14544
52267
20286
164063
47954
237404
51126
49599
4143
109761
43442
233903
34368
1720
26205
44888
199419
173995
5297
32127
169529
18291
7745
42412
18213
34103
26424
22834
227289
125895
63103
17535
145203
37607
36442
27283
5796
77165
23674
12586
52327
69367
19164
20041
40640
131755
206102
167403
289868
37674
10877
7682
52089
176182
246451
25137
34875
257421
266871
12327
168721
203430
86673
41980
287278
76493
46658
13067
2421
251948
236347
27021
127892
1627
8666
51065
27059
256464
34455
56775
34257
40063
15188
127884
29761
24257
111662
11891
4308
42905
27173
282735
56211
25122
106499
18711
27156
1025
283478
31960
106032
104850
9972
206564
18670
6987
20507
35123
12936
32027
3607
32519
32743
1519
16637
134801
50411
18370
28620
19845
281528
16250
238497
49326
49936
35807
48857
224902
21546
102905
14134
2660
10250
47194
199104
231651
48165
53717
97489
154253
101050
49983
32394
33855
24974
215782
480
153066
79607
169171
2920
30464
37087
5280
140732
185335
91505
44628
109510
238870
253321
254
44388
29345
23160
60614
48946
102668
274088
206874
70347
3840
22589
276553
276964
299248
68294
82087
289590
1899
260684
58455
16554
12674
45603
25767
45113
4881
186845
60677
174765
245107
3804
26273
204116
46445
30135
13333
33301
166730
21467
12244
253169
263189
294179
94969
40947
24177
27020
233197
50916
46377
84331
222753
707
215619
140065
4007
18699
34894
12971
84295
37337
139285
198715
25894
52842
29415
134396
224093
41004
249565
11146
3305
49810
179403
27069
61398
178338
36220
27923
196649
1598
5768
82265
51303
40708
50442
240682
11163
107369
216032
26988
23765
203065
3251
31455
33281
152442
21858
278063
286837
1552
136712
14428
36521
22764
31178
21125
122285
63709
16604
30586
278924
208
45015
227276
154501
38849
219163
124797
154861
224102
241198
86818
258151
283590
10349
13406
135141
28447
22042
13893
156961
28940
141170
9580
45577
43889
27775
31891
36130
43104
27976
51150
247345
64025
127481
291172
96409
42323
36287
259843
6285
191329
16183
59700
49240
51310
170444
281428
23356
232221
26444
273359
54777
35957
276046
18464
121684
176034
11829
30792
22185
18595
5886
25976
1102
45584
44903
5585
51843
13874
47810
18130
6387
6605
114721
1077
28496
13990
206310
172381
43142
216079
28030
19039
24298
13151
246876
25157
44707
9595
14776
19424
46714
234029
25429
23857
15656
13145
178721
51087
21760
262307
173378
37784
112653
227703
253535
27468
97772
224421
244447
27613
975
13928
32005
182942
287081
15467
176240
160992
127139
32959
244346
72
24733
36328
278849
42306
8296
29707
32785
295318
4980
21287
31648
222796
18748
16713
161332
41546
12728
134725
266013
260703
19333
8857
126467
98420
71165
50082
23653
227219
46095
292012
19337
15475
5268
3991
9439
250282
78388
159270
21039
8127
40622
283999
44539
39638
40100
290939
210238
659
288316
44350
22002
19111
33294
216003
4936
71027
202607
42081
15649
115032
42794
11261
19030
131716
178983
35264
221582
34531
50560
7404
14164
5289
4784
34596
25224
4839
100439
35296
137041
17939
45684
18941
230613
27706
32797
272744
18504
32201
8845
193358
247564
9710
28389
479
3186
54193
27851
25722
36522
35098
20172
201245
41248
75599
2795
44869
74126
71452
45213
229355
37769
291158
206218
43691
151345
47839
134087
63060
227676
64594
48678
5153
35988
114717
14961
88174
38757
19993
50157
34936
25825
4719
52507
162661
2876
13239
33668
51380
252861
267200
72848
79102
29790
8164
49156
47967
105468
268524
180823
274459
31258
161088
47837
264950
36636
45984
64442
24613
30300
168513
4756
43836
125796
23934
106303
43880
38349
17726
52104
44862
95323
51272
28131
29284
19783
102953
199985
46935
2958
41426
116067
13655
207461
208817
75937
8321
6748
754
159665
43708
29787
25577
2108
32340
167513
24234
25343
237633
36536
245715
44784
287476
33975
18226
145684
163354
131282
23995
13330
37606
152353
345
285151
25781
42284
257129
15339
42294
114598
4808
37499
197589
128546
259698
132904
12376
8538
17132
64932
39821
23877
40222
178282
11613
23430
278679
9494
14336
98345
50432
186264
47385
285444
253704
226627
43504
7114
253996
39462
232
66644
10606
35743
114594
14177
1273
44627
193045
1455
200241
67087
32868
12490
9581
25169
17472
39671
12849
279584
384
7190
183546
56288
8864
39143
15542
1493
12111
17398
25590
45863
82493
21528
47505
1984
30379
50534
18169
37478
24494
161599
34463
163742
100482
69086
78174
3009
42343
45017
86796
6986
46587
184400
4556
16960
76806
16145
156057
47779
41800
946
180889
25837
252873
38074
225468
16281
43101
112588
73136
35506
249140
28159
542
30994
26151
2257
50788
65332
236336
16531
105373
36364
17236
15332
214541
11994
8203
6532
238011
148557
254855
192246
54616
231187
108947
280835
284636
21589
18084
44908
211678
32854
244456
45239
3050
143161
39487
262298
30980
16662
20019
143456
40004
49707
48425
14378
132509
107063
274970
179883
17562
23100
21659
61731
2203
128450
18443
263684
49114
41212
284087
48036
277465
17811
5806
27091
48781
92632
16159
219663
1751
30969
248138
32827
115079
54495
121184
70009
50108
44271
141907
30423
25303
31170
81124
48841
19484
35009
171175
74215
14279
46872
37288
17874
243276
23774
2036
14169
200299
22887
90351
115776
29239
202267
11202
163042
48693
43822
199071
18603
10475
90501
170130
169328
197931
61095
49842
40932
285311
12409
51488
63816
39967
32464
92441
30294
32524
43669
3104
289969
46898
9199
9715
178406
14364
12242
191309
31007
52992
249978
4939
40478
197216
3135
137481
1357
37324
14924
22133
300
52143
46142
28731
7977
192820
17752
32049
44273
232492
88739
48938
745
296249
660
23685
163700
39977
40103
38620
32377
199096
11178
165056
28750
83159
23049
67824
39604
23043
369
31022
16187
210139
47428
222030
181108
7613
29782
95739
168090
51333
221694
22093
23815
5107
12052
149005
27685
2846
12195
3831
20353
39579
272379
249923
267405
16370
35782
34339
43689
6614
44480
55260
10579
209856
48
40560
26515
36249
262635
20038
61859
86884
3463
176150
40960
876
70181
82635
46097
17518
214314
7929
129380
277788
36718
26703
16638
2187
963
211720
12751
38902
23149
7674
219019
342
22730
40406
51344
17676
22805
101319
28442
13480
32323
10823
12955
48346
3611
38668
97715
28685
8449
48983
225665
96040
15418
38548
75111
250101
12422
67561
29076
193756
10330
41601
94269
127417
45705
287857
234720
29655
1634
45994
224896
236996
76345
287722
35243
174397
8025
16449
26124
48876
39927
42763
280248
233593
120599
29206
65236
38865
37940
12563
220478
50632
29150
16201
45988
144042
1484
11605
44040
17253
27027
202218
32767
34704
36411
201695
3868
114860
33449
80862
10827
45867
31289
5167
45810
223246
30461
13964
146120
24384
48839
39235
68538
67078
4369
44170
235002
178407
869
74411
13958
44078
34091
166137
101825
33118
73204
155329
36334
19721
42423
25414
34483
2363
18393
83949
145052
7477
47127
39999
229318
263370
26168
44976
51671
37020
33753
29368
18450
162157
78086
48982
47799
18955
71495
6082
135872
293118
60669
2051
22714
43117
77201
2296
28708
75352
25601
184699
202827
72479
43380
264503
179134
209918
17229
11345
20490
296737
46259
47301
32905
38958
50936
51690
128674
21095
44534
45121
8297
110980
22400
11880
204752
1334
256066
127823
99305
34626
39988
25813
48369
40129
67372
40470
95372
56065
155854
3497
200095
30750
22891
36057
15540
39292
266844
15879
94694
267751
39175
26250
21763
23278
14208
71181
235419
6077
40526
278072
185425
46896
34612
75006
73277
16143
65215
39428
282838
49125
90923
6879
270863
51658
31758
22163
17265
17645
32693
289323
76494
50379
28237
15221
30960
15215
96051
14997
135985
97105
14183
42897
76321
151447
36476
47592
18199
43392
4059
48069
32892
106481
47604
29771
262152
144757
83332
274409
18534
163106
48728
7672
3995
4075
262216
50726
257220
23254
30188
38469
1853
118615
34075
29406
103604
240595
26585
32017
27744
49835
24580
33733
49342
23641
220957
29559
21812
23842
28814
5305
49217
38184
267617
39582
238600
43539
164753
32263
80032
146979
28820
298775
192060
158220
168726
93979
242804
67520
49593
82948
5258
30590
129061
73354
2267
221532
36890
25158
4978
12773
24604
78252
38383
1607
14952
20523
195650
3070
75753
8178
105598
18607
80343
80483
82855
102821
16542
36322
23609
5584
169805
35930
210061
41298
36746
23053
272862
49418
10186
75304
244999
76397
41019
36118
135987
8228
36458
74329
48571
67127
26867
100388
36738
18710
22359
142637
247268
2670
40508
25696
61987
8106
48913
108939
18475
254099
287742
41508
40841
41463
21780
50184
213806
299677
69514
190025
2252
81503
9618
11778
60543
26365
8843
41894
250269
282680
23358
185138
166555
51942
197529
123861
34155
1608
1490
86521
189247
158375
68080
130157
93496
49021
12503
148890
431
32355
39102
23690
287403
42288
36316
47055
16484
31904
201759
24377
26971
47165
177924
5570
28724
40241
142177
18923
14366
98626
75933
68725
21003
14775
191227
231491
10964
13727
250249
138032
17130
59644
45012
253089
13269
30411
33450
15104
1683
40532
31011
1618
229123
246120
30495
35773
6393
25596
31248
74463
191146
278540
126608
18409
4740
48575
23738
26415
124640
229116
285623
30124
139480
8680
214783
21793
131567
32063
54878
53809
275745
41592
19437
72630
66846
31575
36681
67697
31308
68179
34706
3097
38693
14587
37421
39757
51507
106943
24549
42443
48397
202785
8952
43359
57787
7882
236106
47766
10744
35221
31816
957
251228
11289
4884
220090
100129
33684
296872
37995
38736
24420
87311
12885
110840
26254
14024
35728
90460
56767
296590
19541
209253
92838
30038
3002
43647
83321
22706
37835
47721
44077
47023
29489
295036
2010
30097
295357
9779
48302
68031
15684
41567
32095
21644
30405
16247
39953
147382
108400
6363
23313
189735
51572
10486
173943
111524
29191
51980
12913
49108
50917
25490
18727
282508
240525
21899
40145
10657
39550
21136
37668
215169
23794
167218
135471
14936
26297
33789
49642
74654
43277
290294
289340
35124
114
10552
178459
42386
11125
104393
39254
13910
67588
227055
168762
19300
193021
6372
15403
49932
49452
27693
29358
4345
46439
60610
30922
16792
119174
8226
146405
280924
16862
284444
39607
34001
227384
11399
32650
45391
13580
22472
40901
28898
35839
35758
42564
91686
36091
72902
16811
2681
193848
177635
64069
12212
27321
63345
71990
9646
33227
37343
36001
241420
2922
176464
272691
106790
47486
26919
8833
5223
44253
50866
52297
112902
145374
22553
34006
23016
31086
66466
26307
79517
124559
74213
17319
19514
44046
108336
72248
25458
20014
48217
5076
32775
162273
13519
142603
50106
37687
36989
48349
253643
117456
17499
25094
63495
8225
75456
36338
40477
17834
5266
24822
37264
144172
9769
48755
6153
29520
187309
177948
34811
7875
298980
75038
32273
37681
33454
259432
289113
20483
20381
29772
247694
6794
22084
276608
19202
226683
29521
49553
186226
37990
71876
22495
19774
47844
45933
3816
37520
19975
75121
259897
3796
44024
137490
298625
248004
139777
31767
140649
31890
178967
49284
20574
94277
50242
3079
20423
18563
21835
226610
99843
7312
153158
40916
45854
40122
75005
12399
85049
9332
95472
32736
46091
24097
242428
4247
231143
39053
3380
5924
177024
159810
24395
43342
3142
248895
38600
66679
16975
66909
176143
37827
43206
76021
43697
36256
180838
11624
198206
42788
55068
31362
90869
72031
62365
6207
13951
30345
22171
1437
108880
98957
32871
4109
29670
51156
283555
51006
3207
44314
42896
219624
41647
11959
247108
264972
44738
3697
21883
93840
33250
47974
46765
41803
44702
26070
6039
15157
24941
213404
5274
20479
24985
210257
28587
167910
26880
125398
51205
38856
46919
30591
19044
297096
10859
121810
45799
66018
107227
80574
293332
45444
129745
39399
11445
38910
39957
208627
264066
47042
123318
1034
45376
21274
20631
14264
164189
26272
6497
34548
189383
23322
13630
14604
45703
107451
276272
222544
264105
132199
6389
76658
24328
16781
45915
98988
28670
9863
19309
12819
50206
42379
19399
59930
31079
36980
68895
238130
8951
184591
132014
42884
15685
8515
40110
48763
261361
1499
3576
7777
281029
77356
49323
56687
114938
9293
235480
44704
4693
86552
90662
159888
152405
32370
43203
55671
251883
47552
251754
243284
34305
199989
28369
9673
45958
269610
43347
29702
46177
68889
112204
26404
16874
206620
15543
24318
137461
6007
10715
6563
49045
3339
138923
248585
86813
168389
4866
61309
101735
48935
24730
255159
284570
13342
109681
18397
38934
1776
8866
27063
66114
13550
3846
224202
31660
40486
51900
120234
10516
206242
19557
241742
93218
7584
17576
41180
135818
45184
63136
39857
33788
38827
3957
47644
240753
213443
238162
13116
111391
10808
231743
36107
6988
129891
224270
7982
182115
101341
205891
90183
110391
26342
107565
27637
268892
3620
58365
36165
42952
10325
61485
278846
223135
274452
44619
155513
45532
45892
17824
237046
14197
50482
17122
19380
15237
609
254044
232350
10168
38186
166833
12905
38438
41124
177776
25332
2052
49531
96320
150585
31548
137747
205005
232334
143649
131116
32423
20764
54160
13001
192888
44645
91249
101067
183502
71143
13137
41285
12830
39954
38892
253696
47308
38645
58128
7712
51384
29579
19947
10547
52325
116008
56085
206960
260011
18174
3275
1479
46617
36951
189008
29573
51542
172201
17217
27274
138066
138614
13589
185428
293140
42312
26912
47720
10836
66314
126724
35454
287731
40066
290357
233889
33544
13233
229268
27984
43851
146106
21025
40692
24899
37998
16333
120782
11448
48479
48120
45034
14799
162818
15767
2412
28271
43027
43966
7067
32823
27655
128936
2965
294357
25424
10965
36914
16439
285683
266977
149063
68483
27093
31503
22081
20581
75754
48428
31581
18994
125047
22003
35389
178071
97331
249258
7367
7993
382
256614
20061
3012
40661
65721
42377
55093
35369
26136
120976
97281
12270
62322
48459
160544
49116
7889
60658
62349
39806
157813
130101
147932
7521
23312
132529
143026
12629
34958
30882
235387
10176
8116
49888
40269
10027
26374
69582
17352
29088
11883
148
35112
52397
194553
123213
58
80583
43959
51826
166392
14792
7408
51245
5695
43241
9185
40946
37304
35642
34728
20263
29208
69870
8470
73639
232105
34899
33203
34733
222516
51328
192980
39754
100247
144620
37309
3294
269315
243431
153427
62157
30670
46432
194076
165939
23875
13260
260959
15432
4383
207747
5630
12912
9087
3881
125551
3233
50451
43270
43624
142582
43561
30976
2099
22727
29452
80539
16481
4592
273977
24453
68002
44207
30180
19711
48282
267797
5804
43849
47219
30086
41077
90833
24505
91591
44213
7069
2722
291296
8970
5640
23563
30232
40417
280798
189687
45294
28491
128994
289515
77305
108055
31756
8891
37883
63973
292623
31674
667
47503
14442
231636
230742
30213
176675
330
117522
206824
193370
13108
1870
24565
45623
133597
94872
1845
12671
13215
45445
47688
102737
49314
52470
3989
255433
27355
31968
28792
34073
13994
199988
3832
16925
16401
36129
210564
23967
141670
44328
5214
39174
15713
30713
162210
46391
156828
110303
68181
44146
15103
43185
149324
282938
4146
142364
31788
222885
21234
28311
25992
15775
20522
4768
291487
31356
231273
22567
133899
20239
18609
30406
288214
229054
25171
188274
2891
159403
21009
34222
133278
24221
30554
31436
42738
281443
40186
140980
61582
24386
29735
65176
6417
35307
176057
28163
29271
39093
42608
293730
41977
1932
882
42114
32045
59609
9723
256645
221201
24509
32943
27827
31616
2392
58211
18043
5663
132237
12108
35996
219140
19560
20720
7488
175851
52253
24153
7859
7886
177778
9115
65627
35174
60942
234621
2146
1439
46724
51217
46581
32919
29218
24214
51361
40558
291982
21709
32452
7650
100824
31339
30507
73099
60457
199990
60566
37951
113101
18876
29174
42742
2677
30407
106404
23305
19684
138971
239313
40611
18852
9127
48424
20000
23888
49942
291159
92519
8246
25126
201504
43994
290444
181517
27374
223128
47783
28755
38932
41125
2117
53573
32996
22981
33619
32064
192975
15079
51874
40542
51481
21014
1163
16601
130916
61092
41166
34110
293330
12866
26248
45188
155159
8595
36441
38911
6090
17145
836
107828
46783
103493
3600
244106
121407
258389
266656
75193
43737
40507
43476
49764
61668
72270
182456
219619
44980
42539
25444
14803
88628
79200
18505
23583
35909
31063
154382
1968
3350
51191
433
30377
76011
44489
16498
119493
52038
93301
30492
34803
53036
20478
258070
194782
19158
20980
280280
48649
4401
69318
29993
14437
8473
257268
227410
26618
253370
105119
232029
32589
64918
20865
188302
21761
42378
294176
32560
40857
226225
181956
271678
2085
151739
3376
67027
28562
298424
139344
13797
6129
47155
42014
68346
2255
209568
6689
18423
22269
44949
122275
23633
290976
51197
46584
121900
49268
65028
22186
290765
36090
38778
41179
20053
8915
193953
165704
28957
51234
3676
24165
247642
26653
175611
209771
111334
18492
55859
45142
18591
52677
6543
448
188839
26908
3034
42170
241227
42822
6463
60505
44797
45149
37425
199338
51865
9216
116212
165918
87942
38795
72293
28827
11954
180340
50675
61478
17607
75359
24313
1935
6997
12817
7880
71216
54434
58118
21515
19596
11857
4347
11715
23426
41465
28057
10231
51763
21155
46222
2950
215254
1393
35220
33138
40030
2493
50221
164147
204047
27650
3948
49517
17510
15524
16151
2292
30518
15518
44445
218845
16574
44703
22231
16992
15265
177857
41355
11678
40902
236329
5509
106612
194357
147664
47785
70339
235086
187474
115953
36429
43800
42354
37204
18059
126894
31030
278277
51880
50280
106625
97867
66903
33478
28921
1595
75980
8593
46355
239848
34107
129300
68543
18301
21743
24068
37560
16468
27828
15790
131032
44144
26052
8795
24895
213546
62298
154760
22343
118906
204039
49420
226421
137923
60370
3150
31348
83423
197417
14375
1253
1813
54804
25677
134559
40827
288661
22955
21284
7720
20261
13674
143148
13017
119735
277337
277421
252195
132754
34994
35936
19632
9544
51453
109661
148285
259995
105114
40645
72220
34432
81738
22220
7954
23246
16301
5105
40010
159111
16868
6159
58124
36834
249194
5564
28747
11942
46331
9520
42403
278660
57260
259850
28970
19979
29656
62140
83148
1302
18223
140186
90921
135852
20337
5320
10243
28232
7659
46321
49028
223586
17614
39354
47019
34618
240274
39119
41137
23268
59455
254145
133426
137166
47192
16205
44831
236951
38187
1849
13858
33342
37431
19901
122766
31192
25507
60831
180953
47274
88368
7863
52776
40848
136372
112775
287486
216289
44141
157378
155751
17920
27045
11388
13070
33320
243621
255599
17968
491
134321
41929
5296
15223
42581
49876
252800
41739
15702
246574
7831
38152
184883
43195
42307
67457
29705
39082
158654
36450
198027
74770
63864
169097
177697
23459
52778
56916
58651
279745
50734
165925
118408
41167
5165
36833
46668
1732
146172
16326
32448
28382
18054
42353
71440
12749
21511
247771
240347
286626
6171
25949
47673
39290
43067
33976
299890
2696
35490
10942
48064
5036
136559
51981
10966
17590
9373
37305
10044
51861
116794
205196
72341
26007
139389
125377
114157
78017
297609
33422
8565
41597
72308
41192
48945
11815
153649
141897
51016
45910
21416
52685
6106
23598
206353
206273
30724
9324
29916
32383
49618
34841
46877
8631
239721
226899
202226
223689
26334
20416
17023
4360
285784
94564
260693
3656
226168
212821
48027
163182
21964
102761
22865
198815
19565
34449
50835
28838
120121
28643
32495
12839
32765
14447
13099
32978
35050
34805
24103
83262
15505
230836
106912
47594
285241
11456
7854
37725
51368
13702
28712
23275
135826
19352
49799
30791
40442
131380
252030
44934
291810
218818
275297
2442
251929
129064
27948
17192
162001
38874
28312
51596
14061
174290
46710
3102
7496
52139
34509
39673
5526
49822
262691
207460
81430
41820
48078
244397
34010
36179
28548
25106
18554
208515
49889
8849
78995
280473
562
20710
44528
48731
278682
15502
131
52201
26978
33937
257017
104741
72874
51285
49985
266964
48504
20104
998
44601
9360
82
64131
285461
99236
1029
5196
31819
168941
262261
23990
51306
49830
239869
70958
251517
8052
50162
24147
3871
77193
113319
42398
32542
32431
153758
24245
8482
238824
45411
39497
51253
270823
29641
7145
84246
170160
22868
223657
90424
188587
75107
194933
234513
266227
7310
30679
36663
17060
75283
89572
43123
672
141981
205134
7866
16787
227653
170147
114049
6700
28092
13057
182628
62873
9430
245358
32562
33616
18924
36305
29205
20468
24334
8369
35890
71063
270234
219865
95861
46931
237399
21554
27602
41373
44521
24305
218273
9611
243282
151700
147563
226365
28662
32830
142945
22648
125486
96880
14093
2475
28315
297049
82612
214902
193077
9440
16236
133782
2601
169663
7636
242563
37882
34646
16812
23858
428
19074
15470
70777
45297
83036
50003
9787
217726
4944
14906
189306
181560
297957
246273
112383
5130
13669
47357
28449
284518
43881
48255
242026
26215
44168
33205
42548
13716
29250
298801
39570
50898
1790
23545
11653
71324
124505
180098
39974
2156
19769
100673
151678
37655
284975
17606
14687
37588
15838
30112
254309
8979
22113
42100
1220
32334
47455
26363
278242
23367
49510
89215
36474
70394
265646
125019
63272
22704
18098
14518
15279
9865
46128
5843
48403
255482
100491
48017
274036
36325
46598
46626
22274
70608
48976
46086
13931
199188
32989
150175
85724
66134
52582
39430
47439
199698
93963
7497
23277
22156
17337
49991
161180
270615
220420
9249
170434
159977
29826
214969
27598
22771
29679
226398
50502
237115
207050
23483
37667
5870
45660
280327
23244
136848
62639
31037
73709
10248
24429
7048
4258
71002
214896
226305
227250
57819
17312
39471
183262
32000
291683
26394
203298
3140
81784
50019
161358
27081
22053
18091
43081
175104
73040
37547
172066
39864
60040
55253
23090
21000
9965
249318
16461
22940
54412
259372
51909
146308
152460
22368
5599
23932
522
27920
18817
261460
37615
118568
169842
26400
50710
160231
294967
56641
20391
35378
50024
37179
28360
162068
138777
27942
226180
15898
42449
44859
111987
136958
216602
36750
31798
35650
159372
1052
128763
95991
221163
28083
285300
7529
276313
21030
61197
48936
45194
50713
50495
116721
10090
13762
3420
106010
284602
21795
27746
25465
29439
30131
46443
39206
43718
13886
8036
27399
112705
38569
48029
132
1098
6711
20374
5363
99780
27268
196751
174143
27845
46172
147683
146443
46625
67786
52303
46430
11727
190042
166455
10685
48765
4932
17422
71937
8232
224459
153761
22135
130323
57877
60036
47161
28049
199424
38814
298533
279843
122640
278605
16488
131104
6307
21944
2462
35262
20903
143716
39240
45339
24506
5011
28469
101818
36167
33696
247279
143499
5426
32276
61538
934
94408
57508
3715
52560
135805
51478
140057
11830
276692
25739
110379
15112
4710
91483
173589
49302
279820
9816
41451
40891
35704
58483
27047
645
29557
131904
44775
279372
279501
49281
39922
15961
29697
28398
24059
252301
252186
1986
38286
43323
166199
6644
50240
235485
33216
288353
39151
35253
123455
250891
49495
47747
69740
156077
277920
153581
15236
29046
40662
19506
191957
44520
17612
133371
258604
49286
126144
233233
6815
36805
26439
19464
170948
118741
39574
108075
23928
247192
195191
33528
44737
220346
41523
18403
48067
43050
19679
29824
36349
37485
113917
129144
200844
150002
220793
3230
71583
26783
14992
71920
120561
17791
210128
47205
25602
68561
178972
46833
41834
23439
13198
1602
285105
231974
19101
28383
244111
6551
48979
266737
22401
2481
68442
17416
228320
104548
196883
30630
81809
52920
23695
36601
177997
217713
240800
233067
27456
31670
23676
144248
42214
196457
10619
52522
500
51157
211721
75964
20721
6478
27575
14319
98628
72161
21677
48536
28966
265175
10074
27247
10339
95867
5978
14736
118488
8892
12130
7643
47523
127122
42676
54789
45898
227322
5498
3618
36019
54198
171173
136615
10469
42762
31050
45711
13408
44642
44234
65512
53487
33099
13285
770
42532
7267
29899
45386
24883
10828
110709
280332
50341
8859
178
30578
103614
41573
17594
266929
5718
60304
31139
8271
48020
263121
19129
58520
108440
38643
207133
40316
197695
19545
111617
93575
41599
37455
120742
2715
7871
168832
26786
92442
28561
88720
13336
11112
46577
290
20321
17476
12205
7178
207431
34580
106224
222678
252787
5341
43706
74184
28487
4657
47584
19058
31967
8529
46993
3375
257
268972
282096
730
13013
105791
17762
67396
225199
132786
254106
21895
22906
13482
118528
10080
209557
292556
4230
79973
107306
145613
2527
71230
60600
4714
267002
23004
15438
3021
118574
51898
281037
12385
250183
32986
9952
8516
80010
188779
142326
9692
173929
22795
236738
261303
100521
20312
50115
41441
19349
26149
99967
78052
10775
120393
167923
38078
152328
7978
234949
96365
7276
52400
167070
129694
48180
7099
34018
101455
3519
42314
56245
203006
52236
3759
146332
74806
20475
48752
246299
52287
238929
275971
19592
80954
149040
5528
242446
2155
252313
43239
47545
9550
27178
220746
24025
35092
6531
135430
35036
27690
16215
2815
42234
4735
33256
7033
36957
45620
1123
167555
13399
1723
52664
32915
15706
49669
11033
31349
652
282178
3638
30831
35141
40271
31705
47314
50661
197018
13341
44891
45664
30943
8643
44290
574
11834
208392
12085
35994
43238
66968
53788
46570
5066
31343
37946
29484
1948
52451
33330
182960
122532
177550
31091
38146
17249
18533
267745
40621
10624
12166
37236
71173
50662
11903
33785
27207
39171
10173
3172
77798
41351
17583
22851
52482
68803
31849
143806
179354
28787
23553
36111
104487
27793
418
6101
36352
14188
214598
27353
57715
4965
4705
76638
8778
166581
21676
28890
42720
50245
207757
45026
89267
28246
37916
290554
255843
27831
53148
45733
7722
14619
172815
5468
27335
37227
37348
80265
19720
9599
250736
9446
129331
104266
234404
41121
52819
38791
39195
45038
49250
247539
43274
19685
21953
17345
35639
18810
5254
25891
40985
1596
3593
16739
174236
58826
283083
34900
65190
29418
247385
294262
204896
298993
24130
109575
9739
179219
24337
39004
82860
46873
139754
15596
201901
108077
32811
11286
278105
16872
23701
101320
47640
291979
136665
35090
59010
48204
39123
65169
24735
52625
110868
34739
199422
190787
284918
78759
1666
21214
31610
219162
48422
24017
30119
12950
87185
28344
3723
131280
115785
228061
84823
30152
196280
3627
221986
261685
29471
11563
17629
29023
37297
14084
297463
15624
23386
43923
19532
20685
44996
103522
42304
125966
176340
6840
42090
155290
25925
40072
8201
156980
2119
40656
248826
32649
893
66731
45554
38539
11743
202080
188558
11150
8401
40506
179462
72559
25304
90745
123404
7622
9083
224716
57706
67832
220165
31645
20255
28268
179907
228838
31550
32007
22877
219816
286987
44469
43143
22560
69811
26071
19932
223325
1734
30950
282339
77169
52122
153320
48529
285820
30861
48513
78547
9558
68412
170107
35705
34970
11412
23963
41963
24762
164927
140635
88863
31247
33479
5185
10118
241046
13526
38734
6947
137290
126831
22167
7654
2350
200558
36695
42171
92180
44204
32374
9568
42456
20510
59695
209013
166722
33280
9032
163527
4656
52935
32605
35910
16331
114546
174251
279672
211030
48850
169761
18831
63871
34731
66977
41841
24614
158744
50253
17159
42350
265630
72229
4067
40496
125320
254769
38804
32029
21600
174918
32918
218644
274333
298890
484
19956
45904
168758
150843
1264
51061
44043
21251
136030
125239
158860
10458
255691
29048
78029
61426
4453
67464
44633
44474
69493
10374
10634
112641
33050
124219
2779
5994
47667
11939
74363
139949
29748
28545
146641
34738
124919
154217
151828
29038
98427
