23722
195966
80359
142140
277881
14604
6487
44511
94067
129723
284551
119465
260705
89128
123347
105431
65026
280361
1290
10783
17904
8110
192390
6761
22941
254800
10040
12620
126853
25276
77176
170074
220649
13599
275467
273300
95247
52446
105478
25124
247376
53097
132038
10737
16619
19338
13755
14837
4720
214634
10459
7642
24006
17885
133353
73638
65996
45690
122526
7393
21559
104004
243558
88025
260408
343
170404
28512
19315
287101
82486
153848
100554
286943
11842
72933
283540
175349
67314
194267
167243
17493
279265
198757
7714
8563
14674
279861
129
25934
224686
8474
250072
49630
115517
28259
17346
169509
222398
280919
56888
16482
190052
10705
23667
36578
257468
219068
294331
14782
9241
6888
1627
153714
263534
7809
136963
25046
110835
167765
285841
277719
91591
65799
21662
2391
16090
68161
60123
286173
17372
4609
244197
410
42231
1261
25010
165217
168067
71288
4872
13756
242845
3510
86816
152567
12569
71042
244450
25390
293557
278656
291963
57667
22204
155324
13748
11298
120865
185943
6959
249379
11403
16365
106932
5900
287762
8035
230238
75341
180155
77576
99340
90566
112564
14996
91047
3859
10782
49081
7119
2016
9476
129583
213197
122211
240797
18518
71325
31533
4195
168390
13343
9394
11742
70235
268597
269354
160206
11216
53429
19246
16868
15501
115869
9927
120937
81890
4945
73803
272139
73160
121202
4084
26908
9036
172254
42488
78380
62820
5456
228284
12313
884
35301
80510
79729
282386
81230
195914
30015
129216
258596
215205
22592
71228
6806
134864
18335
79702
9920
274443
256070
74827
10382
247061
12496
211443
126283
107487
272999
164108
2619
221225
1240
4935
118509
15339
24815
182102
29376
48698
237070
75894
51097
101303
102263
2332
8367
117259
125136
217813
190251
3159
210835
2118
149469
19056
153856
197586
7190
70895
13483
32674
38069
3397
196897
214606
20599
106315
2147
250889
246721
76420
11504
81937
65917
5813
290687
541
2165
18022
22295
258909
136307
15011
12026
212854
14932
224332
24073
95853
13885
235456
11525
57595
126879
62568
29219
281531
17233
16024
1940
15405
252119
133806
275
3728
5596
185030
191131
21601
18215
13534
6527
25763
60638
261435
261489
263550
200653
9770
164334
11061
267152
155824
119600
119142
138223
253541
237633
178455
19694
18133
6428
246163
144263
263799
51402
236970
121185
26087
271757
6302
293551
217077
247071
103102
80805
55098
9706
7962
496
257447
173367
259045
8233
16451
244994
128568
18775
11740
22843
244647
92135
22639
3988
102851
3561
3479
270385
58711
98208
229072
187955
120883
472
13035
151051
524
287919
64248
24443
13362
241908
51993
185345
973
8475
86183
11924
125518
3720
229243
267728
242713
8765
100023
269591
191550
28134
25844
264955
185127
59980
46663
146748
16117
24385
145566
60230
171563
20711
20231
204276
279738
165112
190301
69089
216617
225278
59334
9080
115160
10078
35228
49320
253191
283570
297499
167008
37116
290646
282014
91291
6115
234362
74880
22320
21728
299630
107084
20325
43084
79897
17848
188547
263363
237690
233791
18847
5498
25635
14851
120629
181504
251535
17349
200876
258040
238445
61520
41012
180860
20227
8641
53162
113134
46242
14581
119631
285197
45451
572
117203
10378
18401
20801
3334
55147
174974
6920
123774
405
79960
287618
11242
243458
1749
16286
66391
211401
251555
61402
1685
7226
179314
146895
11469
286321
2505
73722
15272
27668
106832
13535
24368
133962
209239
260365
19142
176059
108034
298006
82475
14340
1633
17393
175726
91163
154950
286992
79639
16183
285864
720
2070
182444
97137
269426
27108
268936
34906
18035
78307
13632
21862
26310
14839
263315
192305
39799
14715
153919
275836
223624
164677
11291
77560
70198
151761
193166
233
291986
20329
66306
26058
91327
220266
31595
15560
23372
192728
139573
4655
260401
11785
8198
121462
35902
108568
75322
122747
178709
21443
275986
245011
62433
127993
264797
15973
11144
209478
18465
237011
6736
294578
162261
28928
9726
288342
59158
211193
117463
5510
202914
216778
85337
263956
11491
120872
11991
297324
15671
32873
34289
31617
242531
103151
234239
259294
50281
103600
126786
46811
10370
20976
21661
3058
29939
173172
18433
283016
181927
17071
74804
32575
12436
188829
19903
125512
252081
77786
235299
97243
1306
279891
227254
109642
280038
247
25016
68859
2712
50016
7199
49536
280152
23641
105755
293264
21118
297682
236026
257242
256691
242123
19938
176125
131916
5134
85346
2534
135350
148038
11709
13664
260132
4160
246598
125005
22091
17736
297197
12307
176
2874
24159
167383
191837
243337
153918
158764
76569
10423
192864
196557
14961
257576
223299
15326
158979
266329
201803
275419
235157
31234
2116
108229
851
285232
5357
107666
1766
16844
83706
70381
91380
7213
222010
19788
114168
2149
11485
227330
240791
188164
8955
24301
137955
28560
241986
89980
208519
298521
298056
161721
5241
15175
10839
99689
185208
268698
134052
2761
1037
219620
4907
40750
203226
21060
11058
7986
201026
176870
183854
213132
220
138670
132567
19987
3944
115040
191592
121649
41372
2485
14815
285567
186162
73375
72081
16525
665
258703
139217
214245
172971
10373
51471
14471
39315
9720
203311
113123
278179
10383
9667
187104
280479
25846
66505
180688
19437
38406
198086
14643
126671
96214
73404
222440
132376
205828
165522
12845
132697
110792
11073
22301
21831
185553
15771
27086
1807
43552
97805
7907
10105
285482
21727
148329
115113
39502
4548
17799
29527
227450
12098
5981
10077
129473
19707
115352
15285
20765
362
23470
16060
250285
11448
73577
123470
54227
184716
201495
4006
14470
158697
12268
2799
32652
183146
63054
24312
262955
248527
85452
198950
177048
205656
139453
66062
273270
147069
188313
13323
283803
13140
284507
7415
119775
185657
5984
1990
243030
207384
23998
16903
45236
51643
55600
100866
40852
6447
26504
33620
228810
3674
14089
3205
157857
282135
23284
17771
242826
249092
234933
9859
257082
157806
22912
88681
116770
67286
53941
80124
297739
15035
26041
157228
60558
255471
252011
156190
182875
36016
149309
97639
266012
7100
7793
95020
47277
4641
71469
76727
189741
5074
71424
268061
82009
159834
19266
169032
6198
81997
116520
229064
224020
72637
253161
7602
48420
293269
186986
12324
468
6300
13410
297907
237252
20960
18413
165885
789
4162
52179
108071
72571
249603
23300
4002
141010
40450
6635
38260
10421
175315
208693
1971
152499
205956
49336
215839
110465
293921
49039
99860
66730
231420
210075
7953
106672
279490
24715
250877
6993
44886
21589
145764
238970
7805
2128
43157
266607
67131
131209
76020
41013
176356
16072
258280
18196
87316
4033
74191
18464
274411
150958
15450
72865
1547
40581
89238
20559
30544
3632
132309
101983
1185
20724
4038
14626
72038
227843
75200
180986
8979
158013
15126
270296
33848
1799
249496
273113
111117
128994
6045
18712
129941
106084
38431
196122
18887
9531
6733
21942
12333
263037
163498
242139
82945
19036
238557
32456
148478
247932
21751
91576
293923
46940
119591
21587
154187
6364
207537
3494
114104
17188
281878
140781
95831
43378
159585
21030
155787
11294
109488
239445
92841
192092
19969
8246
230641
23834
61512
12369
3771
137345
67583
34810
24648
132196
233278
211941
22882
209828
9881
64892
266377
24240
7713
24556
107869
15743
19314
22281
41996
82670
2532
211594
12839
204950
22557
78606
195920
261437
248492
157731
218512
6502
81144
22664
22245
19158
3935
21944
13578
67771
59824
164943
15082
278038
235291
96361
1978
11244
251159
25301
6483
22239
195873
229759
296220
166798
229496
3092
196135
8259
219677
39307
176460
23770
187139
19509
2504
22219
2714
143
3376
11680
150898
12481
2667
164366
18782
18279
221991
107676
21260
7575
19211
24066
43048
4372
79894
57673
264459
25490
141793
11157
22306
15893
104262
9439
184905
15638
13289
109749
170836
191496
78786
279821
2105
283649
16419
3741
13365
264252
200762
120704
9988
262166
227881
235647
5275
46121
24132
152417
17513
21775
246390
98721
165689
47330
225419
18115
10136
14955
17779
223692
8383
268830
85368
97271
9662
9810
95076
235321
13212
19407
25501
2530
23033
175994
49661
48413
198631
221658
8304
135801
230504
75273
68160
23612
66546
263850
3960
297880
220931
220182
46383
19526
131949
135164
15340
18770
293490
126634
14938
24009
192543
72057
25003
232330
224350
24899
101671
12157
267893
23902
164368
255212
6955
12687
288368
18548
91616
21702
13945
153988
208816
241629
277060
282320
99
1101
36332
259986
241038
173019
21873
10367
24703
238481
216090
227733
24351
25678
202244
72707
12592
286526
3290
6002
215200
231451
148097
3267
145650
25997
155457
11077
245522
229708
13139
114496
112401
286955
234434
8993
9978
162845
16866
34395
95814
914
275796
520
294260
13865
203000
65405
18204
269837
199548
6901
159590
9692
18677
274232
224789
19097
82523
279539
223967
295718
71274
225570
4116
129292
165226
193540
44577
1417
168717
209706
3404
174986
2458
18180
244933
274529
20413
378
105232
135892
152502
204664
4824
7966
30886
10253
248003
102934
25349
292030
172399
246970
86200
299902
171420
70213
2665
23114
144949
270862
11089
31456
190861
91580
176953
176673
71789
58618
289068
67332
96479
34847
142942
83336
100589
297826
12797
89370
65638
19666
254397
291136
111427
107202
166060
257158
87756
15439
223546
36942
2204
258441
25666
57122
9082
142988
173005
290790
233972
24030
86694
124768
16293
15432
92255
18162
169945
33464
145330
133998
16606
43102
159852
4075
23779
3115
65119
86074
171125
228123
23166
131854
31256
18873
103221
80459
15578
286826
220432
1759
214671
2972
39685
190162
211645
172059
291573
8836
205386
111845
205756
165393
290960
23220
7287
142954
20840
210357
113387
22643
27812
175943
27895
259284
57836
76885
43430
4253
178051
116936
35855
18527
536
298233
104266
17644
201229
260480
193003
4174
210821
552
16800
294282
238756
258570
810
39723
263351
261104
45686
13032
136354
136633
216898
20455
13666
179111
111475
295363
86228
280453
11617
220956
126548
195902
17621
212860
21481
169232
214892
56255
113802
14267
234418
1983
27532
6069
111244
17541
167718
25561
184681
37402
19845
202825
22623
70762
210563
19698
266566
227614
257994
24392
24381
99847
248118
298024
78966
247228
283230
7752
8536
13516
120876
71257
294043
58542
3750
71800
19029
14155
20708
14071
1487
6576
108494
186449
39882
2637
4715
24636
16950
238551
43533
70211
55594
251871
253861
289773
138072
15647
16029
225916
10240
232980
206511
1837
6543
3612
85986
22865
56041
19433
51991
13100
19873
253624
15741
227472
11279
172492
2026
16873
60294
273582
108065
9772
14139
109727
7074
262449
83933
148872
11064
153142
34898
284368
10790
71836
6516
181902
18007
199425
237083
140314
282263
282605
123119
91605
160345
187316
196521
22338
9452
297274
206577
229564
259183
11834
283539
26052
150154
4751
273995
166700
172355
45364
160119
207603
148588
139331
6203
11902
8658
219870
162062
97511
8224
284263
114642
6776
21471
163009
247808
222839
141734
69600
281866
4345
288406
108060
266706
192402
26176
242371
182423
140842
67721
14912
116246
100979
8537
16507
133706
135754
263823
2479
55727
163574
129952
239583
97289
7765
724
80556
139933
18409
4539
197763
14649
149306
1215
175757
44597
76718
230110
62660
273400
22653
144291
78858
282080
238384
185312
22672
73268
194721
272323
256373
9728
176844
19957
1439
42331
217124
21738
131087
21900
192466
166737
12446
219952
76436
104202
255761
204916
14950
154860
138695
10069
118392
258185
212810
136529
135789
126738
3749
42946
193122
15896
292700
194606
253457
178664
153210
71419
57066
20279
299342
10678
19554
203648
209907
19270
249510
29340
19378
269797
16179
201164
21178
12178
47220
17716
263917
100082
213865
77335
22234
17060
290577
2304
33987
7161
3910
25886
145992
6782
6910
30125
18233
216285
68816
269972
21115
119719
83580
22468
19012
122527
20024
3228
97612
10268
24694
8123
6633
135914
86033
256518
7636
20794
19888
12659
285058
150114
295813
212357
232285
13601
25085
234196
244327
2364
247868
15460
242521
46013
13878
270910
27259
202441
266736
161366
25916
10582
156897
101716
143218
23125
15088
53715
41802
40615
124395
12170
147149
1148
8010
70796
124369
245372
203597
247974
22381
219153
191006
162941
221153
149386
234832
128609
109656
18825
223646
137621
243065
6936
8196
214206
285942
191605
18478
7411
71235
204676
184284
24221
237572
271773
83203
231026
42676
12629
238645
13966
41175
21386
234243
23442
218270
14132
2857
223166
6490
6341
190513
110189
187326
133380
33232
297989
12008
31713
200253
17244
232242
20461
16697
8274
22512
240152
69989
49519
16933
4026
246730
10995
12756
12657
9592
133010
10229
268
171593
96047
219748
160155
25083
161421
117465
289942
37826
263712
13553
170664
107353
222947
16439
108805
21041
11856
282933
16448
18380
177300
16406
108808
150216
295879
118988
178697
161920
19762
4031
6836
81602
85508
122769
194384
71744
129207
58873
2034
19638
273245
163677
90800
36062
135794
24284
25839
100111
22119
183270
95154
19480
228270
27715
146969
6522
5646
22385
140338
264790
15301
260693
262789
110694
98742
23051
2177
126645
93445
10833
74646
24405
170399
14563
224634
6957
9199
273416
31394
60214
28411
73045
4559
225046
203072
215715
28777
267485
16718
11783
293747
10744
123287
152698
146577
20688
12030
5434
207825
161718
3023
201434
296090
137583
17067
101736
218305
101
88251
50218
17981
1896
23909
3884
76477
48309
5865
164878
16825
281789
96376
247348
21943
158270
185519
265462
23103
149045
46820
75924
46418
163127
201836
5643
266303
241119
109187
49252
1503
81875
11813
236582
24215
16101
173131
24038
107594
55826
23749
166726
207864
257997
142795
271559
228623
105704
21762
49817
22873
93029
103317
23930
299779
52620
93407
249210
215659
45762
276066
24111
19477
280992
296878
65858
6657
11931
62746
100584
274851
3603
279184
59223
176756
75194
155803
100484
9277
205365
120810
6699
16553
255438
18247
191636
85644
83752
200238
251551
25674
102347
298380
80089
19618
236038
193700
236981
204041
52402
8148
175097
150554
2258
116376
210935
197005
172205
165862
1986
107252
49106
56592
77941
13920
228928
12099
177395
25174
7492
154023
12421
257268
256049
14064
67619
16445
11463
56614
21615
77586
217449
1497
10163
3372
200271
56686
189593
274837
64572
15214
4541
176468
2184
211785
14216
261374
22556
197892
3243
29858
228968
110424
196326
7026
37226
209481
262568
169083
102285
6706
140
121254
131317
288885
13957
4196
11854
8361
220283
146284
224849
16257
3446
61291
25856
238695
7838
16095
79861
12411
22718
160396
2467
151
244739
59188
64884
225359
11895
20073
101405
219191
1854
10390
8809
19975
72275
131763
93261
218358
18900
143865
4870
51389
224178
5238
10350
159468
4389
260264
60764
113341
141835
107004
292483
23713
10710
270370
25075
266740
135186
62975
14032
110949
195709
15600
269669
13399
87910
40927
163657
160787
5142
15387
128815
270753
258492
190602
192173
14611
68210
70284
20090
97089
286278
14985
10619
9011
19369
5343
22600
49281
53571
298812
4547
175576
292212
232616
240086
235377
16181
11551
65582
245592
17710
187662
234847
4871
251137
142609
37342
63300
53945
14821
23210
15256
180561
14117
2609
192920
50937
100177
265135
256599
5094
4449
203073
291141
202591
259744
23123
287664
73890
6940
23818
15110
21486
30764
15472
17022
298232
214312
23619
15077
54678
148413
193414
81352
12953
11462
119918
211273
15785
114291
13082
177669
71155
8387
209100
16976
17652
89706
284115
44653
4978
1236
166143
252662
3819
244088
259227
199044
76685
36413
168128
79919
24123
22454
368
28428
292072
258820
159337
153227
168994
215995
291760
11859
93274
86757
160185
12269
148934
1583
19795
281965
11092
242572
6436
272432
2655
387
110924
284937
79875
99311
19717
6241
79964
7922
68009
60203
127857
15006
28158
7694
92114
24113
244524
231703
268510
2690
69553
24548
242956
25954
93222
249774
250488
7952
83902
111998
268583
176212
75794
239697
41517
272868
23709
7332
294931
18668
11251
158786
283311
5007
232059
253249
173956
9935
16015
292273
35939
135549
1782
16830
4135
4617
10009
43476
21564
84809
267001
278156
62251
28231
26703
266942
23375
42074
91332
185246
215073
8555
602
255257
15191
194738
244625
232448
25033
19232
146379
244837
6254
10486
262148
204308
2573
20020
296935
23647
262513
2199
18878
219632
11452
9144
23980
273688
11255
2626
485
119851
1383
83774
15711
16342
289699
32359
3799
26877
102611
104076
96089
13265
49204
118242
179332
89077
258253
203656
297755
43224
32275
17550
6385
12273
136364
163871
5665
282837
134768
76655
60782
276712
10714
154476
19979
134791
37721
278942
75448
15231
24069
285046
45118
261260
149676
75232
85741
17601
16823
7503
270981
242484
114646
33831
14048
184192
202479
242190
236438
14935
107837
173950
159009
17109
245515
154113
231753
4339
41462
183401
208741
83432
412
267417
32926
128472
2409
23988
106907
216
64905
13906
14242
10168
275940
288613
48806
25847
165223
4535
254286
245035
43154
79769
6420
191343
168746
48431
10341
232061
111872
217167
105273
57152
47
14486
2091
228970
259898
103969
25323
131318
3005
19223
174943
4782
276494
220511
272000
1231
164688
13747
175348
16949
296079
220804
16646
192412
149815
187918
36947
139448
12208
15618
109097
188120
72822
24421
224331
125513
156572
2704
14377
136411
97100
239089
147464
231918
177256
161515
203508
92081
284954
47612
32847
23883
2281
2652
17876
277384
64305
169595
13978
23082
50380
87920
10074
248852
3804
120
271970
8633
43859
85810
83802
21262
49328
1135
90758
95422
161464
240345
258623
201869
156671
52700
196932
7801
21685
212244
1693
85027
128088
114253
1787
263183
260177
13766
15482
24576
283754
43274
51479
54065
14901
9148
184515
205176
72683
95869
5856
169408
17102
69313
144800
193698
202708
125688
192693
10967
16681
237734
64617
15071
114560
145419
85549
10090
88516
255542
26710
169438
12507
169767
278839
106985
203957
205839
82567
7606
19282
297416
93511
84568
59719
20580
17154
1140
4052
151549
234364
7098
206380
123585
18435
290346
295258
269721
269978
3548
21183
20472
2425
24819
51228
160572
4065
238117
20343
22880
47546
242276
26993
7815
249303
12432
281776
10893
12246
285756
176744
7605
6386
269063
130011
266273
294063
149542
243685
8597
93884
13615
21552
88963
230479
72354
13571
25199
1242
177713
2117
277590
192611
14977
84680
40377
190997
83096
144133
119613
26950
26586
54991
96703
56901
162093
8385
30223
108021
90234
221454
428
49466
25685
285928
6986
4018
257183
65282
70427
244581
68008
213011
25878
155657
161639
131836
291207
58271
156938
164306
28691
111052
237895
57375
74294
56779
214259
135321
171389
48378
10920
124649
209027
24883
7703
9693
161093
9634
153812
256869
288484
20029
277202
139350
10994
2630
209309
6134
32150
270224
2356
208945
143430
12669
18066
197482
3386
233037
176366
105521
257972
179199
282597
22605
233649
5641
8423
384
140577
228066
189257
296901
123030
25250
278876
61669
203939
10233
93995
211298
23136
12068
272515
19841
12114
4777
183805
18724
2862
65117
7788
237875
241847
146148
151416
99401
276932
21397
288272
137358
87861
145166
8215
161557
266293
1725
228864
289196
233067
35813
25732
118894
9481
12148
116261
75849
79814
202503
222724
13402
10298
9911
76189
12036
124208
59205
38746
68696
104161
189961
216214
25676
43931
8613
5654
23075
20682
155377
147901
101419
208055
24688
57562
13235
69012
23085
4314
184116
211102
275193
13117
2625
23554
110710
18246
268055
93356
230297
280827
47683
295140
16924
81765
22507
211544
163785
7639
157795
257566
252992
285710
187708
204099
95069
6374
164756
8157
195129
231712
289363
19978
245311
716
128825
18428
12239
19945
123647
14272
98791
150000
142298
292888
291074
251687
258965
29405
19989
3401
22571
16334
162178
246299
238280
125104
11962
281657
10329
120047
10950
197816
264293
243369
115320
63516
86454
190085
206674
168617
7456
113395
14569
11481
109968
2590
186844
14394
230454
52430
71934
18479
102231
128322
10288
8149
4386
232778
292419
280185
203862
190660
208416
11359
20521
112993
112357
24881
203
2419
21556
234899
22124
39897
11880
191251
275994
19216
198452
12528
166413
69757
17157
7544
12236
43787
3694
21720
153951
104
221353
24193
79909
9854
168327
147763
6572
73775
237991
153274
248539
24101
75492
199093
163642
166180
176859
232824
149472
248269
79522
231138
6503
11003
78572
581
4152
237148
153587
241806
237849
12102
5486
4868
14207
176999
170130
204119
4161
82133
114922
16870
180423
263384
14252
240207
160308
15636
203806
277126
195010
215729
280329
41
89652
219215
120875
156147
24946
237874
8047
13356
176486
60981
37951
155176
90977
2134
252446
211318
195153
195222
242859
4749
257087
155074
142648
54977
62086
203986
19902
116403
6536
48209
79954
9098
79309
50896
29869
141728
16493
16353
41570
130516
86701
242360
21945
163943
272828
34753
22983
177882
68100
33544
270087
8615
298396
1492
132298
51816
136501
299730
282006
105747
15268
8397
86116
20860
10017
264984
1886
237740
88152
172857
19491
20532
3945
253
10047
15172
126662
12058
200013
28291
23973
253411
66766
38441
14454
180641
69518
9488
42334
39327
66398
132518
53309
135969
19058
16935
19183
14813
25778
9495
10086
48748
21928
78373
4671
157647
4110
8461
47028
8088
610
101627
23556
68314
17803
66460
84834
8003
13275
231529
228750
110755
222760
20077
470
183556
116971
17196
9312
190066
917
119504
54316
203128
279615
151727
10863
123262
1326
158123
22824
237488
181775
7589
7131
147422
246461
85359
142554
222699
234272
159140
156343
183248
192444
24508
100698
280736
9821
183501
6286
292664
144512
10345
148360
140228
161886
72691
253082
36288
98943
14767
285870
10380
106671
16812
14577
3623
244500
197942
69596
47145
12454
4996
66056
46521
31766
12947
9630
247095
183739
9538
252142
133866
69797
69685
151315
3621
263789
244854
164926
4457
10677
108337
293653
23024
3911
12577
17073
92987
1656
248094
21645
17240
1985
202649
73095
85333
192418
34418
95909
21906
18104
14785
9479
22691
95574
188085
228069
18285
56095
38312
228614
219651
297456
23276
190459
18473
25812
160147
24347
25687
29332
95237
21754
116619
109389
11626
68947
3817
40362
108762
48892
239358
25747
14388
1717
16880
4137
64048
55874
200315
21653
13824
5302
13441
23406
13257
11181
14532
192958
106544
6958
7171
124665
92981
120742
131950
39345
3035
48430
232802
292683
106559
84411
165395
20625
225374
82380
9110
180241
179418
1027
134325
120516
86196
14122
167883
7719
186663
238643
19995
213474
219685
1074
99707
16014
94121
229933
24167
138838
101685
249694
87357
200916
14099
104906
130018
130276
23630
12994
216656
1104
294047
4022
6781
2429
167699
24602
274208
90076
1822
118993
20427
12011
259153
225963
83709
249238
60174
173775
17272
49660
184608
125578
131384
235610
31996
256316
115681
16978
219862
224493
119836
90151
232320
77170
19379
11050
24894
73932
220812
3919
264321
203789
1111
9079
17599
19676
7672
11591
24615
2757
208172
241475
55432
15747
251728
161217
9284
113501
221861
7937
278402
21046
75438
70168
223490
22300
67668
140966
30059
147047
165183
61588
13590
14210
52719
23266
237305
35602
269595
206584
8709
83411
280797
226014
10717
104581
13480
11296
37378
235078
287293
88207
24403
47945
181537
213774
187815
24191
67170
150113
15160
31980
221618
171708
257111
55329
5983
6722
3492
188253
15008
76024
124007
237157
179932
14271
4433
103895
168056
131986
17403
211355
188180
126978
112648
1446
16900
119373
20368
244275
10660
23228
226614
126269
80
17314
18088
31732
151759
157532
285615
24861
12081
13995
28747
257486
95041
105413
131459
11250
56434
283676
59320
259385
19200
188943
100685
16592
69233
233192
232835
10049
43943
267362
11687
28737
57568
277406
25960
20839
30224
285406
196073
11435
4754
7036
275334
95644
4144
242028
21302
198995
39604
198325
99200
225335
95605
15714
108171
33791
12132
224405
167347
131269
18002
75309
9885
14826
279569
94596
285086
96048
15047
15717
257184
249628
20491
12359
13779
286174
152170
25005
260062
196121
209662
196193
71076
11458
44637
80283
10480
209751
21680
270152
166471
22598
231827
217358
28661
4700
199390
152865
3122
264707
1309
20834
293249
5478
95787
23364
102585
49456
18619
11900
3224
18592
152985
152837
238680
155949
7047
242647
140407
122067
7138
11459
85726
23951
261602
15891
212491
22660
263466
1918
6766
4426
6708
13925
2341
287490
240161
135654
146125
25794
4126
22458
212688
12002
21204
24134
185049
128307
293902
21966
220720
231872
192591
151893
233423
218993
211360
280083
163250
3707
79621
251394
52441
144743
43691
231735
18117
295642
29705
131780
15043
25104
280171
21095
7518
19138
33656
15426
237221
179451
224040
207069
298194
70321
78850
23468
245179
3129
137459
129398
430
43334
6641
292885
176674
3072
25189
143188
13380
76148
3871
248480
2952
12428
184341
267739
15922
192752
275775
5886
55280
268408
31018
239363
35628
155647
21440
15523
107804
3382
35091
4460
31822
140199
12125
228609
17405
11490
2274
57337
273908
164863
24022
228217
2591
24228
252672
10830
47563
16088
157034
164761
191606
161941
156642
2731
4138
13938
135039
189225
14896
96898
144042
197008
113323
13753
150094
14634
713
161919
54593
21180
26061
253954
10204
25127
52331
148502
246712
8803
170276
18096
23623
81436
1405
150937
51505
276489
7720
29237
231284
27961
101248
23483
74279
288672
209088
184517
262005
84474
11248
24790
136794
279841
223814
12694
48095
139154
50659
63856
145612
23733
85439
113735
18319
87122
5575
53256
1563
14923
45189
50316
2230
52194
87303
265146
206703
222224
224453
10197
287155
25256
141038
230581
243040
25912
175407
282944
23317
18585
28647
249517
1157
6847
141959
11801
10711
214278
23120
11001
25099
28612
62798
140875
21140
177814
179927
117751
9984
146206
15976
23860
23190
224385
28042
276608
220954
167270
263293
257404
265905
2150
11603
133807
164037
99757
75858
6803
161259
122205
248549
76839
291812
164947
92043
166458
10013
59652
26304
99201
155207
21224
256770
119961
201473
22657
8964
17045
146525
119410
296939
235063
163023
100682
27635
139019
37031
124799
17744
187712
268713
221609
266318
155752
165581
167318
160259
188373
217174
1648
115175
28787
123008
78642
417
142637
195772
43034
92481
20543
154510
9818
12589
206625
2302
149606
259058
168694
153543
24027
56670
205014
193072
180530
11392
98000
25868
69895
79515
22460
223509
18027
162828
274001
277592
17715
74263
4251
109979
52999
6023
28204
1090
83355
17293
183853
169987
134231
17110
21295
218294
132229
70451
160090
1540
138634
264360
1062
20928
7921
3441
12935
205016
248642
15812
20352
188629
53134
6577
290729
6647
171317
102512
14149
7224
82120
137827
206053
96292
285721
273467
238253
12571
19008
76478
20942
116123
19519
63375
235552
212113
17994
279775
17129
14841
136490
241283
8058
216270
86682
102008
12251
3469
211041
203192
114811
227954
115802
25489
14336
144960
964
23763
123950
242313
263913
6960
8118
22816
14391
35249
10919
7959
21596
130327
17905
93014
78094
20533
12941
172418
140300
18933
196250
65471
158416
4912
53573
5956
250658
256999
108679
23787
63058
12344
125570
22722
5202
103618
78743
18725
25460
231468
283814
10354
26786
169140
107345
54483
23290
159272
121149
149990
265955
21919
9751
169387
100882
2990
6040
156074
171012
2995
7708
59713
19637
14152
177916
26053
219047
289121
214413
13852
8540
42811
127864
51182
3452
8983
174839
199817
106615
181683
2755
266677
10576
29308
253098
45178
33209
182457
17919
140271
276023
3778
284924
283929
115894
3024
54031
190554
287195
13931
22952
930
21779
203817
19974
77766
148328
136897
91374
238968
22679
254214
84195
196713
166508
196387
190522
134759
19152
14549
160877
11201
4304
205844
3714
4125
200203
1741
2953
2084
31785
4473
1226
76105
6394
170603
4164
2528
17213
274601
245477
81017
6828
67662
144065
209193
18445
217213
74982
112282
230645
11450
217327
266508
91370
5246
106673
259322
8663
8064
208099
290903
127808
214446
288688
163768
127470
169121
158940
10692
20411
82275
262104
17208
87341
4764
224907
40465
17926
21019
80516
242397
7824
238113
1082
183129
5072
284705
210501
167311
120620
50337
41611
13979
220877
94018
275099
6368
13219
167484
21522
62138
114411
1676
16858
175415
216087
15516
94811
294762
24880
47579
51846
269015
299343
274612
150993
217570
24843
3531
6413
16319
231535
188741
10200
45223
130014
9719
5661
151789
24854
17977
195195
196602
274577
221539
23492
218085
273841
143659
292452
151148
122078
10030
15467
190841
5248
158696
1125
24622
160920
3022
123979
164419
22611
247543
45404
165493
22505
249639
19213
129582
247963
1765
160164
2133
58709
4552
22931
21521
192531
9400
81013
245446
61064
93686
60196
25625
188165
152418
147554
117573
238496
96727
189624
29095
13353
16973
176053
23568
135696
14584
254647
161909
90664
2344
240803
280524
224863
55187
5382
18842
200906
22601
85932
239459
239
163824
264911
23843
88325
79220
13868
29596
18297
17249
22394
10466
274722
293209
23631
122985
9061
14067
25655
14760
13333
2916
25783
72431
102306
177167
28199
160983
121842
297968
11511
273103
194744
297409
25753
15790
268861
1964
3685
9155
288922
207481
108844
21281
53960
3046
126726
19831
221659
207245
198885
9902
13478
25313
234688
4842
278774
114326
7764
249482
193083
24961
148895
7448
16786
232481
94692
124602
277837
1060
18116
212960
17250
234617
17290
40211
23014
285565
21876
123400
35780
99737
9863
79377
201118
9565
24531
242109
121900
276377
296088
8525
34420
74486
175793
21319
18302
295175
14747
1428
23875
232312
254410
9054
21500
73744
2649
21171
193012
14318
14739
126872
21023
84711
21729
92044
44382
22807
281395
46175
204771
22543
19949
5670
251627
268812
154315
3470
282478
9871
17945
107703
132406
299140
22388
25097
237381
143393
112754
84606
93147
145266
288568
19575
148259
222655
192932
7812
255465
11366
243431
1065
157363
34901
291881
18487
252644
264484
191135
272156
247780
27594
274738
23057
15187
282138
86646
19380
125280
170221
265417
46989
114376
263565
3315
118056
280756
242136
8120
6915
23518
54440
184039
18477
74769
271553
197254
89260
76947
26560
227751
72042
12062
11946
126186
80486
292280
14172
264690
253412
247193
166851
143933
179197
1438
23493
489
65896
40968
101466
37133
278
4502
213577
238052
142039
213550
5698
11319
8934
280349
239960
192602
40621
4734
42276
142302
4820
237707
296074
205965
20577
18601
128448
241142
146004
9249
10762
44955
16595
279432
287198
107060
175192
53133
195575
164938
69977
160716
20172
61283
250593
110354
4587
6948
40945
168102
25811
8997
290360
134289
57145
180257
4599
70765
240427
22140
278272
96060
97939
5227
110650
273470
195245
4295
56232
1572
59472
17841
6897
24699
160737
233980
210722
209162
17086
16323
13112
176842
39064
207934
249335
24319
279069
94894
4607
149594
234848
240067
60767
21051
51408
199797
1475
251534
148739
196191
66781
285782
230695
17568
25523
8448
204309
226405
14432
224592
275597
80028
21437
45433
3566
178470
808
9053
10489
246686
3683
116066
69225
185603
266637
5298
118560
102296
298950
21158
179899
9207
137699
111259
210092
113204
190796
102234
12300
217820
43648
20493
211144
103125
148106
84426
84231
2161
251150
22457
13947
25736
24075
291681
282765
19160
157910
30797
190559
12500
25237
23971
62862
211132
2068
288355
183979
19279
88484
3836
18109
284755
40337
190437
81977
58149
130007
56638
23855
224793
25385
105464
135655
18238
139003
16384
94739
3111
110384
19464
131605
30070
123334
190441
148592
121804
156173
64366
68860
285048
13345
8037
8214
80653
138134
9841
278815
282608
15923
16211
163151
161081
11308
256590
29133
201871
11831
39538
11815
152522
223570
14994
264276
22893
192637
21961
178509
12936
24706
191689
6973
255631
8824
14047
225247
287871
192546
18977
19446
74516
167307
280982
19827
91175
9302
27540
10125
138284
106429
219877
131027
8054
22008
109196
24577
2477
200547
130852
46157
20783
228881
14708
235408
139146
142710
262332
14490
242470
19185
100407
189735
3734
241308
24264
136570
296738
250330
126555
47253
119220
21941
11920
110800
95517
226021
220168
285150
177450
102971
246837
5239
2002
238264
193314
6802
21430
233908
25797
7634
288638
14448
229780
171241
2578
196969
901
15242
114517
253088
19947
230175
10929
19819
283941
23280
8164
218844
94095
7699
8434
37969
18678
157493
26899
288243
221413
185145
271303
5136
277043
112758
11055
143606
10433
134591
241201
30533
16506
46187
13247
9608
243307
14820
276535
73370
241785
222188
