79624
58162
66626
274941
100611
39662
28775
42363
220791
75984
62636
74350
64330
60634
233100
180391
104793
35482
28689
109534
99844
21571
58446
238408
50911
78721
21429
11836
80612
194109
61088
84581
124618
10049
25411
1096
28553
93251
136446
15337
86547
86926
96015
164263
1551
58333
6239
75948
55294
27459
25343
25188
61181
93969
15066
248430
99473
62172
84595
105549
86247
81982
681
179417
85117
54210
12913
29801
190275
49405
84753
85062
27363
77221
18642
68832
65276
66587
97215
261548
93839
34697
18137
22750
57177
265468
8736
73870
296185
30217
48721
58854
43628
58092
65361
13018
83733
103743
70655
52350
166101
128801
268248
44532
66197
44954
215828
45394
64
18831
224659
88708
207466
30613
68375
80676
51712
3058
99554
82584
89731
36391
75038
243700
82616
252925
251742
97303
32781
57927
281717
21531
43497
103977
15385
31681
81647
74101
80097
60785
9942
89332
221833
222144
13976
69516
50732
58868
82928
63829
94977
8178
114208
221186
9386
110401
81223
72505
43984
54662
71600
38138
268757
75165
77181
34745
187156
29426
76180
196692
20950
87221
76182
29557
90292
29577
64056
282703
50698
264180
33467
45456
14179
98794
257428
105426
20537
40712
69934
49949
94105
296027
566
215878
177915
76781
222690
64555
71763
56049
13209
182219
78977
92553
65647
20165
20530
26413
84688
269842
69360
64106
75352
70040
48626
141745
6946
61050
57915
131771
48858
255842
35730
88768
206933
52376
20285
106561
190671
83196
67257
52775
89165
42268
64726
88206
152777
69969
34021
77190
4327
26230
73461
573
59047
85352
87334
48670
162918
49879
26701
235588
26434
79472
24846
136074
15552
102256
29844
85918
8810
83527
41438
1900
17603
44889
65195
63287
132422
23319
54985
18890
98905
60470
260979
35954
10660
152778
34027
14049
2935
58335
57952
42781
58168
35173
103581
135056
209560
52198
23410
3407
68018
95886
99700
130874
2538
178732
13374
13829
45989
33248
97618
196335
16869
92971
98885
139622
143489
200152
25745
94016
735
196
94979
729
154286
80933
6984
52190
248437
24877
17407
61740
89432
26841
6244
81539
56083
47285
89525
143592
46393
27124
28179
32029
25559
40242
37774
221827
261527
54239
22978
56165
212155
25696
56960
34761
189777
89129
221604
3225
170989
69508
77609
159097
69405
47106
14743
68087
3800
107260
26821
69799
26137
87360
33651
77384
55049
58585
28537
37343
216123
93364
93001
158060
14985
284779
42496
93627
87929
15780
3136
94056
110611
20517
60244
81458
113316
14032
61166
42949
47705
41023
24929
76894
31659
24812
36957
838
52464
18443
91904
41956
97925
8964
144443
258475
104923
199
8180
24413
35882
80327
215895
15564
203631
1784
159244
86752
233819
50016
58513
43905
33946
17622
91866
50471
266922
57367
19117
31350
87074
98046
280955
56006
5504
73882
100092
67114
36382
77817
103765
94365
37321
90975
102544
38503
22117
187495
36515
81454
18989
92529
91969
72975
144625
90625
16112
45507
90452
65320
266183
246765
56372
42312
83312
80677
127945
168647
47977
95991
63295
122672
279493
3188
49286
29505
20032
11202
55591
14630
182783
77911
299325
157442
18956
58706
23167
110765
103856
103812
102838
271285
21746
85399
136217
16200
195561
105734
67054
106542
2736
99023
207363
273221
49680
37191
70538
50863
74767
130814
182522
264363
217365
66077
18666
24180
82061
166453
101157
23409
54339
5115
12295
10900
40633
96819
6365
77521
199098
142539
93806
205230
104265
23402
65992
64961
118777
233048
51485
22578
51003
89781
61416
148273
81597
65476
61984
70929
85183
24188
82640
38533
22702
106506
99367
41493
225197
157904
23699
212563
43967
152924
62254
36885
69527
81181
10524
187084
10403
7428
87410
84966
23585
40104
10006
128159
21533
221202
92537
21820
40294
102595
71693
71342
65918
70861
1078
79119
78450
231477
4680
25542
106130
210533
22507
6051
81602
82473
57419
77479
303
53031
20956
21358
56562
71317
13067
47799
70895
167586
99034
165852
4716
426
134292
156055
35465
106339
6748
101971
47043
96928
4330
254249
95771
154188
241907
97367
173466
166744
43571
95428
92517
86233
200330
6260
80350
3458
120894
83060
44498
104565
5834
63121
104409
21260
43827
181025
53648
40331
20224
2757
13794
84556
35529
65613
24773
85471
47544
54013
3496
10248
23436
32331
99076
37994
89430
61221
26453
265949
83103
54545
4559
78389
40978
67911
36699
19969
128840
83297
5150
78419
74992
40339
50848
188303
21024
1796
296039
90135
154609
76939
61747
12071
85445
70665
10089
89968
9553
60367
102452
89338
69943
102322
95562
75298
77389
25791
35082
9545
85426
48645
2132
102374
140613
178442
282142
9343
20366
49007
64967
64504
32038
71818
101595
16935
81651
62099
39291
66552
31384
92355
23289
289649
146782
223288
106913
289595
256236
47896
29678
269003
52473
65616
91566
221179
54590
3724
71034
10673
99287
165021
32256
75196
15762
1530
33984
25663
59987
103086
70426
26920
51887
84157
201288
57794
66767
30333
86909
4903
66032
39630
48700
179085
70779
277205
21318
219923
62151
83497
65039
106464
215870
10025
47032
279400
49258
95330
23742
19123
95872
4083
51706
80023
17817
32289
180668
84348
29310
30558
104090
154587
235683
142673
89093
49660
60036
69830
19460
44311
451
67092
92524
154494
60426
73452
63425
11083
71115
27018
60234
77724
62593
184309
62668
67247
44901
26276
283098
98513
77512
28034
5142
47324
47412
85147
97080
91567
74996
85340
16461
66990
101275
75550
872
36739
64372
64678
67647
93135
9123
28408
31518
2153
97024
81142
22140
71454
96537
70069
93272
291718
4789
52196
68166
14798
1925
86047
25465
95000
75681
34687
93603
31108
70455
266953
289504
7639
71376
109804
77981
28382
9594
239254
62786
161081
64367
11955
4021
90939
96367
236404
38539
85392
953
89980
32389
33885
104692
8495
50482
69450
46541
16561
37639
70312
63569
39909
101990
111579
63045
159905
3548
113017
67827
41282
247377
11696
233307
81763
78280
34817
140884
198016
207
40541
48873
230419
31653
59914
72164
25269
86197
64190
12166
55573
49467
107365
198588
72368
1356
69932
102832
33753
203405
25238
49413
35389
105690
84144
163048
813
115263
34718
186241
9699
271357
47111
206861
1675
21753
51473
97938
144456
44678
40703
78046
58491
14258
53053
162127
67568
6906
146865
266609
63278
273249
148480
17369
72147
37999
52633
1266
15106
56065
22370
92336
150480
100229
21396
42746
9582
235432
65713
98750
75320
59984
47676
71823
38877
17232
85060
21993
244607
11138
124932
26379
62190
50185
276605
128177
223438
238170
96518
30508
95231
33339
191777
26721
21869
20963
60579
94242
1115
45196
30152
45484
98417
59677
180509
65205
98008
99769
70674
30051
72166
97862
33234
20959
3199
25195
19926
6255
139344
17104
206458
259912
16883
72765
52885
93658
164911
73241
93496
22345
210959
19232
244806
40795
56602
98857
176638
275063
10568
53356
13030
6363
212168
140472
100262
177150
36705
78084
238387
269706
43848
206222
91371
90963
92164
193741
28178
44384
31507
122218
158770
102960
183227
3611
71116
14058
2741
50150
165298
29049
95114
47383
106376
81768
92273
13321
100978
27656
26281
98830
42692
60825
90420
148337
106843
52068
30358
81831
224257
162423
82350
154089
130670
272965
60146
57790
61888
25773
252325
38254
34449
22590
26976
13391
93490
28631
71646
72515
71954
73696
83235
69587
92632
23750
9857
3319
8382
39763
62778
30123
57972
6766
50011
114787
61425
45913
4603
22090
30198
53012
25169
52521
102652
280228
28042
105408
65362
10679
37947
506
41551
145943
8188
77088
122731
5260
49477
79361
18263
72894
81838
81127
32107
85805
36134
77117
9083
97300
117063
52576
38252
68135
38737
50663
22838
105281
288534
89145
54783
31463
26735
76279
19761
54501
64227
14215
51837
161575
37370
116381
35421
2945
31567
70874
264297
130240
106181
276217
10144
98520
105087
7934
67262
229968
278087
35151
59125
91222
29144
137331
29653
45857
122789
135922
89709
32595
256957
61400
18213
46911
107158
23222
92021
162417
28967
91271
25676
87994
19769
54209
26422
54778
50789
55963
174795
57908
106536
99445
148896
217105
64393
149619
90435
66824
60620
101187
137870
42575
21510
46654
31596
290949
83317
262220
62372
36261
11906
81173
70623
91995
11990
240736
8822
106255
40813
41405
77833
70628
93142
28124
17072
102623
81212
46727
21570
159251
70138
178561
105534
924
10896
28595
194244
85230
265518
81063
39212
6537
236924
99871
83681
161011
47889
253566
220625
83293
79545
70037
77430
70639
6825
17999
206529
114158
85942
66498
7986
123908
91201
5381
70966
71492
248070
19872
160249
668
82498
89220
85550
54139
17175
58496
67284
127466
166915
121952
44555
37255
221744
256493
164445
91416
12343
76542
40203
87624
60688
30676
82643
10820
98714
38616
53412
221499
237628
35989
50979
251643
19165
61517
201946
48021
57349
62809
14328
16033
101268
4246
99050
97709
52626
75465
86836
47443
17798
38613
292041
177701
237790
95046
78052
61067
57188
37911
15417
135821
73141
41169
71039
210539
201871
83056
21741
67665
3494
21446
54161
24731
96722
72935
24333
59077
19323
87832
28519
96361
80574
253615
24891
40853
219233
99958
14122
36006
28760
23533
285
5814
299463
49361
106964
265909
69703
27543
62525
63446
68743
71230
155940
104907
255040
79124
78963
23946
716
278164
50721
28454
97638
2456
196581
17561
105234
45598
197043
105249
79416
33162
15265
90554
42322
88586
41465
41889
1351
198039
45708
105635
198528
208813
34730
7732
711
289988
51648
201238
47003
81845
5738
192673
85731
20283
44049
180266
178875
228399
148253
56547
54936
51167
189283
69942
277884
31369
38458
69730
100951
95580
27947
204133
13091
46732
101311
104199
156995
6820
38529
56848
105378
64980
36577
58007
105032
89749
66124
57071
87471
62556
15105
8512
101481
222477
142714
505
12413
75424
9498
63044
10490
96320
101080
90191
15863
295354
80652
10494
241361
26671
27330
35359
10098
56844
39699
225037
88955
51009
18884
98600
11588
19590
123814
56732
83515
260893
21160
119452
27939
117179
262046
89058
19267
33092
106633
4234
23870
28378
57914
17422
103087
30035
3459
70667
31847
36128
1089
77313
76194
227278
7446
69494
94483
54741
105298
38939
106688
90741
15035
131028
157131
71449
258637
69785
20953
46223
106280
284030
123391
89724
35092
103491
250356
70194
21710
40239
260156
55752
95086
41898
1518
43589
21574
67301
35654
56077
265193
144844
55713
25326
1786
4296
157360
79132
82110
20428
91470
45288
22676
89852
66480
89485
35833
76168
79270
31675
54375
87683
104919
5457
69157
246770
42509
70082
90502
77553
64764
164176
65794
135468
12723
80013
14667
13233
27949
80094
25684
100194
96107
231219
26992
46006
279323
84948
28205
265005
95219
41399
96022
73550
53914
207960
115957
67599
48330
193854
96201
61193
96562
75853
9061
62409
79305
96866
14386
92363
103189
11946
18958
18859
217014
10765
34759
25040
3013
47921
55955
55626
75252
89341
89474
83226
62314
82124
68016
24971
75590
62858
99572
7042
254511
29384
8045
106512
35576
96892
12037
62025
68462
287496
3381
22446
65073
72139
176426
97518
164322
51137
17658
120137
58965
164023
207580
15693
49796
238245
79456
78434
18153
87674
267513
75769
80510
43435
69463
98114
35742
105182
30361
32961
106640
8632
261288
14526
42901
12946
77648
62790
44363
5408
21059
146860
47460
62536
14861
108249
86218
10454
95507
84610
8275
12085
53774
73332
107028
100424
29174
105701
106601
188699
15132
92007
32510
241785
64439
219759
72134
67495
58704
18192
40318
85927
91349
46094
279132
49168
44914
32558
202860
223459
43683
18552
16184
144693
231936
35800
247672
61339
71074
263071
23556
53199
61883
56996
55496
87522
186657
63492
8419
96467
233394
51816
112152
28557
39629
59073
8804
274279
99914
96236
100482
61710
29774
101199
23846
45525
56832
61919
67005
235349
25298
53036
100972
59381
23588
75717
11235
35667
86078
106331
160130
43416
24681
79673
6044
20132
52285
89708
158486
28201
41888
92836
34257
92972
103064
93717
29865
18214
33696
88717
40465
68561
103390
58150
50427
97336
18347
3380
57850
229668
49584
25932
292063
243737
31927
23318
15971
86417
80526
61045
228885
264134
49506
10196
151292
208624
185914
22936
81316
66058
45764
1308
76595
177835
67835
48111
17505
293801
242980
63064
76240
38297
26357
95890
252416
33286
11362
79609
56127
56167
36354
33370
49591
2887
133576
22505
22323
72715
20102
12353
24646
250420
88754
239286
25555
57620
40742
74081
72598
49165
50042
136903
56756
20183
104687
33259
31484
26388
162941
91369
11622
211309
77835
91385
93349
4425
82179
84313
84890
99427
65443
10867
54740
88856
186982
107008
7527
73338
18875
176241
271862
6486
33789
70217
11082
5975
9379
80879
52808
99701
60000
55558
57610
291502
10964
74333
38382
71089
34863
6478
34186
84695
88425
218749
51829
73769
127949
97335
146402
146866
89046
74401
59156
39331
20512
95416
57281
107562
85366
94117
15458
36671
6617
39095
44113
82355
605
32997
95096
75255
66826
969
30933
50701
239792
53884
40750
4210
71531
146181
69217
86560
53110
30124
71829
62682
71554
18196
101334
47804
79265
194053
25405
45018
68601
50949
56648
64944
45495
72534
80164
87052
73198
16005
1144
43601
81237
6795
61419
96444
33004
120323
1871
291068
76833
19546
72362
45257
17480
52849
47753
58441
179095
25925
63945
154255
54824
104519
166847
39663
30418
8573
88880
15609
102333
44383
18421
21664
104392
7061
25295
97451
22535
226228
18800
92221
30000
105467
35144
73601
60851
65744
38943
8925
246902
67179
78195
24561
1437
10796
76005
86107
9286
3312
105498
49936
9995
23507
124530
70888
98733
264265
66334
105289
299491
74480
226949
11794
92615
229190
55842
92565
49326
86400
79303
109098
99180
30886
6974
44473
16817
64127
64346
19664
32529
78184
66374
94857
104176
82686
43414
248322
33120
2549
101248
61914
52774
9146
46994
29830
60507
84141
180127
120158
82998
33757
23385
89597
71636
31631
147031
65061
65553
56776
227490
106534
157136
44748
119603
40566
55676
193029
60504
50525
46971
54841
68077
35414
56550
205365
84599
251199
50785
18174
165844
100562
24783
61529
25041
83808
92415
38485
2872
99450
271125
45055
33518
5510
82877
173742
234736
27851
8393
41468
20529
42396
273406
77776
94373
289212
70554
255733
77055
85301
27752
93389
93850
63535
45274
42925
2685
76209
262070
207669
40392
69403
106861
105313
478
89563
102771
69983
33529
45255
147115
75141
60993
99531
70149
53820
79493
103036
76512
64139
101111
64199
11638
216997
37589
75454
1695
66949
208954
86482
58152
61894
130101
86922
41568
82335
86809
16419
101503
96169
47314
97124
86116
247826
227618
32138
55279
53877
42129
2572
15656
14778
14969
4947
34532
259014
12825
1469
42563
126993
11300
102778
75667
113500
51074
147532
47699
178677
49521
142607
16420
172360
82470
27726
27052
246053
59541
47155
12622
18080
249872
155953
76710
62599
195418
27217
71918
29204
225321
64693
53386
257584
82683
80070
67137
40258
62614
59814
59331
221340
79768
22429
7224
211263
78014
128319
99357
8349
265475
92879
59804
29153
84778
3416
62104
20697
136818
81904
94410
104153
74288
93910
75476
115071
262525
66537
161418
2540
37574
27501
179983
24078
54850
44406
215062
62734
193184
66506
47639
70614
73613
74066
1417
44075
60836
103569
80723
110629
104331
6543
97061
57856
33701
92647
257377
100508
69138
31467
85390
222146
88624
67353
85943
101576
107539
34735
101139
105148
105743
42346
86248
43065
20824
171534
101433
17234
205984
122029
8224
147614
69192
260848
29884
89880
37486
86725
71028
88900
94988
103311
105735
40536
84998
87417
60178
5580
78334
145112
90421
81271
611
93437
125616
88234
100616
215578
106679
279213
282466
68543
49609
103445
39974
5849
53932
59238
179674
55156
75262
50224
61789
69159
93637
130334
28976
120000
74255
70131
66897
32866
81170
26713
94787
92213
82976
2681
17881
18891
70765
16944
13975
206528
34897
61217
77037
95163
9224
13486
91242
133032
19415
103724
200916
46710
95434
1567
134956
156991
70366
35720
61405
236166
235898
51403
110069
24922
200516
181583
23632
8613
70112
59584
42280
48763
84413
293192
53663
94545
106771
92203
12527
132013
81875
82175
103261
74562
291121
21743
1262
36484
96118
7651
89739
64405
29882
188874
22287
297106
32220
43154
35808
8554
47359
162437
56696
56253
37533
7343
20177
265552
85844
153723
268337
35139
298193
90285
87502
36779
25424
265654
24590
60009
42304
21927
1131
208342
35993
48516
298900
137755
116708
7579
79226
71340
88533
217828
51094
31362
95006
55035
90480
10244
27360
127371
20203
84873
89101
24148
104809
62282
245403
69891
173654
81334
13985
156
75826
37997
98847
93280
42235
9098
53176
43199
82275
81844
208405
62523
172989
79929
89950
53561
135174
103319
281176
6352
29329
34378
101143
23709
35760
86071
35697
173627
46497
63066
194207
95307
79881
58878
76949
59522
68253
110981
123985
42050
39424
184904
99035
147438
2777
58137
105787
61533
101686
71142
79701
116555
62338
84803
25673
1865
54299
253441
9244
223933
59737
63553
103071
96657
59528
28168
93193
96919
36360
16187
11329
24474
37105
251830
192043
72132
181373
105025
94454
84270
78240
30093
83379
42338
50446
18512
78510
253093
48910
124678
84738
88005
73351
20741
258576
108706
103946
37586
87979
31313
17069
57477
166204
234803
6433
229144
166084
62304
3699
7221
15590
27339
94921
22983
48280
23558
186547
26016
39495
98420
72180
114010
31257
24249
248272
37912
265741
249070
15557
87364
105519
12717
70479
65111
264921
25396
12866
196553
12676
226267
2015
41760
102815
42742
637
97881
64515
40806
98044
44949
96995
72490
100361
174669
55986
81179
60133
179102
96993
192374
238061
97678
27410
193163
14241
140732
56835
65079
106194
56825
82969
92926
37188
233162
83015
56000
72252
44913
185076
95949
33824
40700
24446
295365
3656
142643
106759
59906
32
12743
21936
248351
53504
57249
98293
80557
136849
106874
177899
103406
75674
76030
21293
41758
60480
40627
11635
78666
89153
69263
52469
85581
10320
85280
14486
83417
15407
7034
209310
89933
26475
36176
6973
13840
106147
70948
51939
29749
88140
113084
94583
99017
49457
41522
7292
206736
11925
157376
70828
238899
15969
12369
40933
52984
40744
173735
53365
18947
117210
99855
34638
21250
102229
82630
169085
93034
13266
101163
88220
63059
34014
99416
3435
78324
86880
47275
94169
58656
174232
45297
25024
90908
31210
1384
91720
139896
44395
53645
69743
85290
215948
131430
278856
186534
73850
46975
69749
27051
58777
199277
14140
81544
57593
29839
59157
71910
62528
1061
25557
1521
34984
40851
187892
118176
161117
122523
685
59377
79900
198642
228877
76155
34174
106090
58751
58665
45743
1465
8661
11001
50183
94394
114407
83333
8106
26887
67097
100735
6760
87517
61121
227614
14543
257571
23476
90250
97442
41605
85936
44747
106666
147815
48797
3424
12019
87870
85527
93293
17172
53372
29636
24051
76574
12491
200160
42168
79215
223733
161146
26183
81697
144544
10911
73218
6540
45008
36899
64745
45375
44265
274899
103748
101927
40300
15160
285684
192737
71994
6157
37061
65130
50731
70197
123606
87270
144698
63810
67845
62081
87095
3862
247
85470
246171
266481
26924
222527
44448
43896
16549
10071
66731
238530
70484
16669
97275
8953
23653
97552
10684
146869
14287
86715
163423
15034
21116
296332
38796
71658
39712
95615
62334
251472
113267
25852
10655
74380
52958
105613
17812
60503
55814
71974
501
34143
43996
42378
82043
54024
95800
24049
14392
87241
97034
29211
156279
82514
12020
42380
37806
20359
130140
29680
104983
80300
194182
105936
43587
82605
84374
89981
85422
88889
62851
22911
104308
150825
7080
61219
102375
73359
61653
5833
205959
51409
42754
23429
48276
41328
63645
88277
11450
36621
34683
2980
41460
13600
91926
40546
8230
34767
222232
13671
6228
9923
4389
29117
276275
79835
50984
72786
81466
57742
14186
229557
10600
43664
22991
92543
77536
74031
43555
34741
194456
37181
82527
106005
8740
49493
137156
1
170338
269683
40995
103554
63947
122961
93224
269802
18281
221533
236056
82280
71080
58536
234741
61226
148416
52220
20343
95140
1103
254584
38246
19279
53933
102281
86021
5285
128890
23099
102959
80264
98348
43860
95444
129615
56586
147701
3147
64412
81589
85483
67698
86580
13715
31353
22638
95955
20940
155414
50416
83795
276520
60910
36076
42811
78726
83160
96256
208793
61908
104716
101935
105783
265184
54236
105666
54368
77752
270047
220277
47584
248503
82395
105822
227032
1884
93112
176129
201379
106388
222518
82624
2749
104087
248419
26977
7171
87823
88689
22159
29330
38635
103335
157258
191822
41403
258763
24604
50693
129370
98429
1166
236357
121160
18882
31923
148338
223060
26268
103742
22596
231385
145801
258375
101999
164083
148158
26133
46771
55730
163326
101728
93921
95326
135175
20086
37212
90037
44251
243843
52207
81449
31078
68147
79155
8219
74033
83064
159442
10341
223305
87852
65496
89903
56230
9989
106449
12559
10889
73316
116090
50106
12763
21422
34303
57464
161855
90088
103851
25178
78505
79276
28651
64185
39865
72651
25213
24818
25437
5901
270860
193448
145154
40310
45501
282895
22392
71952
2524
234429
198188
2985
68453
50570
34804
36968
26709
182534
32611
76565
12137
25757
99895
88490
56532
104792
255006
15671
260875
23958
77380
5577
10175
263915
265830
126544
94089
255931
64729
89626
98574
222226
58961
26306
41018
56051
293627
45439
82089
25098
17435
54136
50102
70029
56802
2803
75545
87920
58959
4478
70885
5554
4521
134739
73814
28723
9185
87215
206335
175010
90246
85992
241367
253395
56317
103649
229792
103845
54952
263975
55005
67660
1245
29298
91833
45138
37640
25803
25463
66190
10255
81808
60051
4592
48454
53207
233961
165434
23111
16003
11954
14187
92700
76495
231191
75192
175618
122082
39446
83449
26101
165701
95661
105323
16153
10545
31017
95592
48694
54742
99205
1327
32250
27370
51180
212130
83973
102945
91314
254867
72744
213187
2191
76373
63975
202226
28390
143250
7603
82346
111692
47572
138898
101870
6762
88321
22431
56445
89152
92093
83638
160463
57653
169333
85262
71424
35952
208956
89925
26457
110628
104559
125474
24461
123259
48731
244209
35336
86183
17907
21866
86882
245947
21034
20744
33584
38474
32877
19457
1290
3452
77633
40215
114729
289615
40033
125410
30659
23917
80953
31601
4553
44805
39284
56119
20372
95187
24737
218391
27664
32426
173695
188257
248911
38753
84162
42996
57005
94571
43344
93309
31203
254412
44600
4297
18742
67526
187670
12300
18331
55656
24459
106031
207803
24525
47124
12139
101155
180065
83669
155646
105530
6071
238806
105075
32212
55516
46910
61920
63632
44126
54842
157088
87525
47557
81501
22944
49747
168877
68868
65700
45513
16990
44802
65239
73151
44762
97019
77745
92547
19941
15792
44108
70798
80017
61422
30267
127542
54876
37057
33706
68542
48733
22011
265035
19329
286014
265727
43621
53976
545
55382
60372
208566
47862
102419
30826
64431
6204
200513
52922
103373
19387
216464
14943
42517
136320
88950
108390
20871
96870
33655
83810
91510
10240
196341
1887
38866
63410
57741
82117
7848
88935
14839
4183
87695
38702
30247
282443
75351
19244
25772
105283
51183
104714
30184
21262
102160
68026
13460
265424
214120
54125
21616
229301
104196
167469
33664
62109
27690
27933
7941
97430
31326
279211
44669
67421
98716
49929
95090
46009
87035
36453
7330
103509
161919
57069
105929
219326
31912
71972
63018
156067
32506
23640
48566
33536
10134
27517
539
61342
46515
10854
41172
105607
38669
5329
12278
71977
66472
95619
66879
101405
214242
296439
9514
85220
41109
73638
99443
3356
35065
22608
55889
25917
38782
86458
2928
42861
13450
44977
57009
96514
77971
65949
182597
214802
187832
20373
58872
264484
184661
18398
19395
100410
12146
56853
181128
44768
87460
52972
121768
11960
77795
46203
10694
117183
59349
144883
45098
19789
3717
150
280891
50188
56505
31483
158848
15460
39523
34238
25235
31651
63076
98442
70018
86338
8005
53849
50374
74169
31520
37796
50082
35513
163058
81745
82672
79918
54978
15099
105400
95719
37088
227348
117353
247573
249848
81629
44765
90917
115316
94851
246304
153315
31354
151238
23149
12490
102562
213343
47186
63891
155314
226212
36263
89972
90566
20914
43436
18249
61033
79955
57555
21487
260646
217238
87021
60220
18338
100472
37607
92097
32457
4724
58814
7201
66380
124647
13869
8636
96641
102726
50821
12716
128604
97033
94126
9619
69054
101932
68417
82307
100283
97236
100442
281633
33807
53077
286723
91136
194429
62206
35821
108804
131613
27106
101117
27892
175946
64061
67895
142181
53969
23394
197491
60830
80774
151085
91266
4431
97106
110757
61986
89912
62229
234218
8458
41315
238350
183769
80990
215331
38105
254035
67839
12583
37271
54698
16853
103382
255486
36609
75416
3551
255245
76507
77163
287633
52228
20486
235856
129980
8472
83919
59614
219905
146366
8169
213790
108835
187818
10948
7294
28455
95699
20973
72577
54045
199508
32056
4143
50289
65769
14820
23029
43012
35570
4100
217279
94568
195788
33830
96000
81609
56042
96724
67445
97965
54758
104416
154620
37614
43811
95738
230130
67280
18246
99563
44020
38202
36828
184756
82060
237889
104049
200169
126478
54353
100165
39612
105215
106712
98221
243545
68768
31447
56216
8340
82261
243895
217621
33639
107052
258858
11068
269927
100432
236834
175797
73207
30291
57569
150463
5055
195040
27533
93599
12647
66340
28115
84585
35029
29320
93162
148844
69452
74879
94576
109067
81078
106687
125024
103633
36845
522
103063
5395
98409
64221
83886
16870
68577
90466
61003
80293
94970
174917
21867
15415
22841
37575
98845
175529
105637
78965
82533
3262
57266
12495
34351
72597
20668
62817
77791
64644
77867
259485
181067
10086
101185
57389
95487
80195
34384
59026
235089
1315
179005
80597
262843
38592
97413
35382
24028
89462
140544
248998
47973
102885
256825
31437
59353
42229
62625
99337
47875
102641
59287
78626
83629
65508
52882
89179
21782
36103
82645
107176
15733
45521
45285
239066
104142
77800
99398
73
227895
265919
70714
22701
34359
103075
47534
104323
43459
137446
47014
77497
256044
64154
134667
30870
35374
25518
34264
105930
108338
282038
904
86048
9462
108927
153101
22582
23397
96521
26166
111734
30757
24617
5470
114327
34784
96746
77589
64782
196711
60689
80397
63441
16952
244012
10383
68175
84694
59583
983
243573
38878
92642
6200
16929
73061
59041
35603
53384
87510
70778
6261
56695
122244
118784
76490
242940
57959
118706
24503
100535
14181
95092
74892
5161
54945
33501
209905
136789
7726
3235
60965
269237
57685
80603
102138
177182
246219
83143
97814
141335
42102
259695
28074
203434
15418
97738
169437
100189
67649
22935
73090
82642
67824
265191
1279
261
90737
69519
88945
61488
15192
248196
85616
162890
97603
103564
899
60490
6306
111154
116229
107190
204464
46305
123215
247321
75409
18686
85812
652
28772
18659
101815
172417
82688
73055
84577
69618
48840
259321
200787
30603
285849
54858
59917
33206
112239
89561
48421
37156
173095
3819
227072
252654
103769
65456
29030
95437
23968
40420
10462
66123
4088
45474
70795
60238
7111
77184
27140
17805
236446
57719
89526
60683
51331
45381
287438
59417
80352
22135
62485
172233
76982
54041
42714
289605
8656
52583
253318
46363
25789
57207
35331
133144
15509
1550
99713
90385
29278
68071
56453
46821
83158
107042
105085
231753
66671
16319
48020
67512
50440
55745
21987
72346
18396
50846
44097
54584
166865
69139
20985
67923
37116
174366
71866
278419
173680
223668
34210
96904
33978
74236
70675
36846
13289
40772
77072
3506
2084
35002
18982
34945
236386
37100
84019
30959
73254
88854
88531
100998
161322
256291
48717
78391
4771
24672
240672
4448
28259
34794
298236
61544
40167
56841
171692
88944
89809
86765
68270
22740
79175
76942
146260
61636
20410
208284
72182
213426
91869
51661
243813
4197
60694
16947
15960
82063
56379
267068
36982
1775
37782
68856
37137
281369
5529
31814
38659
11058
284
75753
10507
80639
79256
21751
63560
38678
54073
90542
22453
33207
99762
11125
7146
40106
81809
90700
84502
50685
17756
15940
54315
177478
81674
42046
21198
204449
58800
65307
70436
62473
10180
77265
228517
8680
66151
96902
22940
9014
82080
68566
80855
65692
115057
96766
55642
2149
296024
85227
23243
98643
152626
56222
123377
230303
24652
63841
85248
139800
154000
82620
45154
93774
15731
75107
88749
250426
43124
8553
92626
14691
69326
156765
23081
231875
79237
101056
32058
107009
33219
190501
85121
151955
160072
83165
87930
46021
66844
90171
37802
114015
33821
86226
78130
97619
146504
68006
32301
79593
5417
49396
31411
1066
56864
76672
101126
75867
54254
136655
45523
77889
100847
44153
105396
79131
47113
60570
75988
26748
57656
101096
53298
212525
16914
60644
89443
33003
67777
3977
11917
90522
101819
42699
236768
80160
151505
98700
25792
233445
38059
74230
18541
84220
77398
58430
37398
220414
49044
25818
72853
92818
280525
240556
213
97962
34466
216176
276498
39641
108852
17515
9588
94735
159797
40954
260698
266243
82071
80369
28629
241838
83122
130137
76032
87322
31427
88487
260021
7441
90847
51072
21819
246505
174513
18997
51484
74851
41250
67432
67694
41053
13207
16353
264005
53728
44631
10965
106747
50982
72065
34162
147078
90533
21221
83647
1904
69258
138393
85024
63816
101519
103037
57074
26736
23490
98679
76662
2296
50249
96167
59485
11976
140992
99927
37540
97704
41843
12416
88562
70396
154784
22190
43847
36604
58292
34819
250491
210887
85702
43156
63650
205613
12418
7490
179709
34937
47994
235180
207539
106105
91804
13247
191001
98967
85052
66570
229859
75945
21434
46724
82183
41882
234007
32584
53868
10557
246865
59710
92196
270513
20334
86485
41454
194653
75186
45163
30559
41631
202020
61262
15814
101462
77557
105143
22722
14057
74220
230813
68750
23884
6340
22948
93456
173526
2305
100369
165521
266030
43167
75240
17934
53947
19316
64743
72057
105401
52826
101546
76485
99542
130676
272786
32505
298834
8469
139252
40659
128861
3900
5015
27263
25735
69553
83189
2424
49242
68809
25519
226826
183361
48415
85383
93702
13796
33778
57513
105874
220081
36119
13561
33305
60655
50894
102283
248246
21998
88741
7858
14659
25198
9016
72170
75677
55570
55577
85092
266209
78182
67038
21462
32909
103909
57077
224083
162482
8485
97050
166368
15941
19615
81365
45555
84023
18325
5781
46777
54822
31272
82017
228205
102783
49085
11269
36573
48685
55876
176107
198172
23172
63091
166366
31095
101863
63529
7645
57128
113558
80349
42020
233507
85985
33961
208863
91161
131569
86268
80184
61493
99592
98276
68826
9099
105524
78950
19621
65785
68223
34447
41847
74153
13578
65720
203022
226086
91733
187946
34468
53448
48108
19497
106550
90817
193216
34501
101772
73773
44843
94607
28013
191830
105528
11411
48781
105883
57042
15535
102738
9302
17189
5313
68814
54616
14721
5633
95932
44877
43486
90142
10343
198017
29752
146473
55540
64129
22315
97017
36937
233837
91376
278835
213342
76738
6935
84573
75068
73810
103648
244871
93419
28008
5757
132911
212719
74391
28792
105326
48287
100767
269365
93640
13614
97582
227461
43302
6733
14559
51724
53775
54878
97162
28558
94534
206109
116734
103072
258997
94062
9193
236058
17916
24659
89349
76835
126452
56690
44689
249381
16775
71302
86690
245232
266572
180520
22170
41395
48191
126872
41003
276192
39809
11784
86856
50872
21937
49336
183162
208903
19866
14502
105269
27966
255270
102025
98451
78173
64831
39685
83330
222473
37073
99603
67431
84055
227537
47853
23858
39435
57050
14373
95866
206487
84260
144221
162203
79442
100568
6741
92554
276957
147132
98661
70286
187919
280447
78343
68142
81276
87577
82085
51613
29816
48466
92987
247312
32979
72248
57227
79035
88133
64160
38489
26039
276883
291591
104782
44316
3503
37552
47778
156120
59622
43709
29805
105060
47284
32253
22788
242954
2
56399
74039
240184
85106
86740
255385
48173
12766
35632
72127
29601
61730
72858
64918
34674
102782
110050
31323
5879
233177
36713
225945
286310
89619
36367
86954
27332
47144
69068
43557
147510
68484
93929
31647
183996
77925
57053
3363
103481
72092
58266
49267
30413
72753
99830
39856
190920
