14860
40189
117329
10056
222895
36841
5751
22050
80570
11616
17514
32798
163319
4055
48616
272507
43972
173382
94901
28559
72209
3616
261711
34872
14080
5956
23493
46429
9212
296403
45422
60932
14366
38110
10859
14059
4435
49783
40277
28171
249472
166265
17665
27334
13926
142846
43693
39119
24487
11010
9307
4109
119899
31631
5162
238
283699
87239
187871
27661
11390
269674
17605
44481
4633
3530
41624
50599
11364
36947
182497
45564
38858
149606
66281
176765
27971
249470
49521
225093
193815
84109
151544
15789
156420
1242
50191
78759
81184
207044
36511
281085
39097
167630
12699
76778
107059
13260
13938
138922
35954
296872
18650
49645
14241
11330
55870
182922
27753
12200
297408
44900
138355
27190
35765
210681
21305
91216
71800
9243
261548
50039
43158
43016
47466
44255
220650
5579
32208
14116
16059
23609
112739
54488
34665
207912
78359
227294
12044
18358
23988
7246
155006
209237
9306
6314
90384
41734
8541
2582
68264
15721
23322
279442
242723
151934
182999
33663
10769
133322
26994
6897
49707
47547
10267
14150
206285
24603
39717
198634
82143
29904
28913
127944
45755
11592
19966
26545
37665
298745
11844
22330
10454
3653
258213
134118
11123
36038
6125
3602
178469
22896
14557
181459
28335
35857
57478
16226
21557
158430
95230
102122
16786
39975
210411
138603
40015
203830
105961
47828
201700
270629
111212
50032
13559
35084
218865
36895
7800
27
29458
243136
19281
34171
122073
35595
5507
17216
47376
14032
139335
266563
889
31366
53175
61551
31446
1483
210559
598
7995
44763
103156
61309
15065
15336
17493
2058
24250
263524
48127
19433
114423
45619
42601
22624
37312
23770
287814
18401
241905
18528
254955
177789
49902
34356
158075
47624
17847
17367
161652
3694
27693
59852
24592
26382
29283
48918
38068
288184
37969
838
100047
236963
2820
244457
201500
41506
43800
42612
226158
44123
26093
192575
169994
7546
17799
42335
28300
15431
25744
23347
48435
29536
9258
152894
218053
75977
8932
19999
97578
13078
24382
14128
189622
50062
166332
289784
26639
29915
44591
37375
24568
244936
115517
237763
249181
26425
52150
141461
48427
62385
3464
151530
273539
149122
19121
28215
219467
2381
43419
6685
45445
91865
189386
164879
167997
283870
3273
48563
199741
38424
8558
35460
12420
232740
5022
80382
7650
87794
62014
266852
232465
84168
6922
24226
44896
263378
24112
13134
210749
279822
76533
9629
34388
243420
77103
37156
20462
284582
47117
251190
26940
25185
14428
223550
16008
34840
46940
173071
228002
34378
174492
20580
26643
182034
14168
38144
96318
29600
277877
1482
203703
24460
41995
39150
29237
9966
40257
15769
54351
66496
6553
33318
144199
45081
37414
50707
622
48602
29755
40265
90267
28222
28756
10391
41689
6978
34883
62137
16386
21339
64282
8057
27433
227931
226395
83965
10834
7066
46537
38583
69314
30223
23443
34800
53735
43727
144724
10342
44530
44314
29899
212300
51488
230621
195420
22199
5498
22183
9089
38220
76236
24254
35991
235565
232000
47574
47761
18863
31319
9622
5486
31376
273641
9990
126806
184438
31219
261046
25920
1690
48452
14193
3238
39336
6716
94692
143006
47370
242600
34990
128491
41363
7212
42249
159689
36538
25289
88690
128934
229819
188015
205029
27656
181319
209090
25109
26324
47738
654
30263
55792
200932
2622
35876
22290
19810
2620
92400
34694
187811
103274
16260
259491
274412
17489
40849
282537
8297
10179
3627
48250
41105
71573
24795
41511
268673
52452
18174
5092
133982
2621
161303
41043
12819
133554
238934
208186
16160
272193
19769
45928
37536
124977
36881
15111
22984
34879
53112
74726
253313
44979
79140
42566
125975
131258
17919
32708
195697
36536
277640
56551
236010
298518
18374
15573
234499
75120
2934
38428
103580
27468
4853
16676
60784
147523
9475
47536
16322
190314
52152
3202
10626
29575
68947
80070
45124
75625
7641
285674
145223
278353
8365
15230
77465
6287
31982
93041
76263
166210
148569
24253
43291
6043
2028
22572
28362
21929
175270
24145
70403
28050
179611
250586
103542
49180
166521
42795
20137
18719
271167
81283
269867
31730
36710
7465
275080
49374
193591
16680
48814
246134
16478
15626
222701
14217
73385
43176
18977
164262
12594
44190
246349
212277
39454
296376
258267
7320
37177
274572
1379
252136
48923
36331
49053
50222
66969
9085
29326
118854
172981
6503
17186
61295
49096
1711
27621
287609
6420
11413
149780
25923
32919
24459
1770
11445
43829
223363
96685
43593
11632
129941
17390
28333
104137
227322
96161
283855
194404
130099
3319
169243
228857
35150
2959
8400
50080
23456
291878
3
9242
204576
41632
136938
20100
28388
3896
1418
26445
4009
21546
664
60185
50237
233426
30378
28889
32171
40859
36412
32004
84762
222364
146815
40968
6594
47383
109214
209131
14089
17446
49084
44013
12914
26341
39595
250110
165988
74595
44847
83435
21554
19965
19390
31984
33548
125477
177258
19337
4994
21865
43393
8504
271811
34000
48372
42494
27007
4514
39306
8904
14728
34452
24701
47919
25530
43236
41127
48958
230598
69708
212405
197164
240842
46454
44322
123456
185525
12916
256288
299042
136996
4814
31474
68849
23646
263863
36135
26908
16237
220491
20143
223480
265143
11402
143103
8801
219260
176161
124827
12538
200742
44118
18500
14338
149812
114947
18936
3455
299628
6267
244547
17497
104533
101109
185790
77013
249540
19212
42542
1857
50120
15438
22177
23264
28551
27646
255923
33612
29296
243315
5583
204566
283269
18334
26796
63596
26137
28331
39193
25056
227374
47561
33203
65297
250234
24953
24110
44440
16653
3886
10983
297311
14623
2902
31378
1056
266147
30470
96100
283015
2858
201215
183507
256976
109549
107160
37305
42662
29107
95264
39544
5477
24095
38940
47873
69259
43031
38927
18146
6940
282457
42267
4420
64686
22867
37575
47329
254638
77653
2920
47628
23291
36202
133059
17986
242405
233144
39726
272287
252691
172311
30668
43152
68818
41941
12170
257032
137841
25565
46855
15507
75108
50278
20959
15441
218431
20425
171670
888
252665
5642
161366
29259
216813
45701
39257
273115
4512
42386
34122
45104
39466
6728
210569
177156
257567
7276
28066
43421
264413
33326
33844
34803
5750
47250
19078
190195
18072
108280
45976
25203
259024
87152
26718
116574
291729
6559
47862
13986
11071
60716
40823
27853
98150
5067
11942
283519
265549
15086
230144
234944
20342
24447
154145
145757
108101
9901
21919
24540
282756
32569
278057
87884
1132
29609
25307
25509
46932
232332
44851
30610
46243
6407
253668
218813
35467
36529
56887
49952
48508
28567
34973
1241
61561
185900
46422
21782
205668
65337
41781
7203
46067
17894
22604
79575
49875
176650
43272
30550
64992
246448
129546
182240
36081
2061
247305
6639
31823
120802
45001
29306
25213
63711
10224
45898
32346
238540
257596
7883
6322
281812
231554
75670
57809
298127
22042
25356
217259
29472
87007
13797
173641
39486
22283
16215
777
21814
238114
162015
49577
294259
21747
41891
40685
135988
19213
32682
9564
111814
12106
178555
294004
4734
51621
16186
258273
299718
58419
17597
28792
2481
110337
8318
266105
48967
72786
104824
15318
19949
152344
33878
49332
101644
1151
41157
24859
70150
140364
34126
99554
261184
21869
216122
41387
148550
28297
70745
71710
239373
43746
38701
299976
299633
217380
227628
45319
32587
9116
36510
413
3056
7818
219115
124774
15849
15194
82762
209928
44511
39216
40480
38179
9658
32144
11505
31006
123591
187224
162338
31412
37522
274152
49110
253477
46431
20898
12641
23140
19379
37141
42912
23018
15342
74569
136954
26886
34408
61091
291400
41888
46102
152453
9076
110300
208567
16292
173904
33027
25521
738
69
17217
2036
155516
71859
166245
199265
191478
2551
69144
4315
8481
31079
191654
46753
175350
27458
41695
97535
15981
23350
13041
3706
1290
228433
15989
32595
199912
20524
172621
15781
268688
41010
48611
227835
8005
127794
23875
198156
39047
68321
29786
32372
30549
11621
12456
168838
31224
142353
12703
220857
70791
31439
29272
172844
142406
20183
65047
124996
166277
40435
46540
11274
41517
156471
38472
7053
43298
3127
26630
37908
21950
13353
44652
32680
260986
192059
5398
219483
46527
250222
78611
255068
22487
179304
36678
244515
31174
43173
19013
241516
36418
40260
11565
63033
139632
23217
260710
152541
24929
8316
154482
42087
85214
39432
73484
58267
36132
49090
16934
21984
13202
22391
45261
24393
18892
239227
73729
5446
239083
107170
89408
258825
27570
83734
22596
31252
42406
49499
24893
29187
41000
18078
136131
2619
2107
16563
209216
38011
72838
11671
52399
5428
245169
3452
14529
18018
234371
240445
9854
4005
206727
245586
171086
47943
13700
23255
272138
14528
110889
46538
36600
49019
205939
8154
39229
15354
21157
96027
6389
46571
29415
4456
20812
21404
40180
44997
153148
1743
37752
269422
68506
19205
19360
47138
4534
25779
55846
17149
3052
25941
43858
12068
104582
41154
30192
5707
16299
83631
38997
231348
25433
3532
41870
141690
155764
16009
70976
209517
70037
141512
9988
208135
112317
5033
52783
174978
37277
32461
51640
101059
50014
76365
112981
7716
227427
38537
68620
39475
136771
27152
24239
243055
27419
101907
292681
109763
80789
20835
8243
30163
2138
57720
30631
37513
28591
3017
38642
203048
72862
61638
43219
38016
38591
26184
35032
11013
259517
48320
21906
7446
170275
4006
297147
276443
68279
71029
41217
227143
13093
13533
267959
115707
42109
40332
24388
276829
21720
48826
4594
64866
35341
28601
13312
207680
280269
12707
47858
170853
37605
39647
14748
21333
61483
268285
11910
15587
31337
5560
7987
153501
165732
30476
2194
15452
185712
66418
9060
14477
36781
25243
21978
37832
31681
56441
83617
16914
35813
35924
13623
36854
163582
141562
13086
279104
188548
21816
78137
37031
39428
155216
14400
152690
151506
28803
226249
44342
95871
8577
42757
1709
23168
118780
4455
236196
71020
219687
295763
286282
16668
47061
26511
19120
18005
16771
41787
74010
208220
77055
38074
16188
31933
12120
32485
16463
43603
188563
251257
69530
36994
80733
18363
19651
80272
78568
440
178819
203484
8977
25695
162465
22234
31690
25101
97406
201575
35471
3584
13910
283577
10709
63346
49628
199298
42635
26472
84764
277031
97534
30945
34475
62627
206111
21040
35409
13333
35247
13775
239635
234736
45953
35416
227018
70918
37418
96815
31130
159569
40049
177028
49071
18444
156658
24210
179323
58181
170225
6985
48387
14678
49368
141625
213965
53448
6698
41938
207636
236256
73973
101584
45074
284625
57545
46967
46558
278669
47511
7620
22806
14928
9237
54165
1095
38049
18110
39502
5782
13554
30448
200463
10727
22122
31703
83503
121154
43072
46790
28000
36742
12465
19444
138720
155040
8555
118173
8271
65777
17756
106975
121820
10669
97841
23560
58614
46500
107139
27623
253238
3466
59574
58609
48237
21637
15559
274157
18784
47971
258789
11964
40931
246124
76110
10974
1892
83002
243776
8788
203739
43968
18239
9729
98409
27360
24802
41134
34275
24771
121497
27686
17431
239089
23828
211640
7024
228883
192163
20058
25612
42938
145032
97547
141429
24845
155274
1738
93977
200620
270507
280730
30216
38900
167368
153413
32242
11993
107424
26460
3531
37930
26998
5905
2460
86391
13399
79242
189316
15537
140300
40216
22421
2245
12146
6565
108283
34522
14610
23774
194745
17837
3457
59207
135645
22930
104778
215
29464
31103
145633
21594
4351
72571
43684
30648
260225
184602
174216
211003
32654
34442
6956
1279
27491
15045
45655
42000
56979
259969
40487
110550
16827
35632
128651
7471
95857
27754
32287
79199
19302
42407
58132
27789
282770
182137
24317
18034
14281
67107
290105
110573
172577
40660
15237
3284
3587
15053
6982
12236
33128
37863
17341
18933
253214
17232
9738
277694
266627
92969
58557
274523
254136
12457
32035
44537
14796
39435
175007
26271
34065
43889
65
184550
277537
46140
34019
43536
49038
49005
30738
285355
64390
36920
7426
213043
1837
24177
48125
30147
34547
16072
292092
9454
2764
66136
48195
80538
37216
49236
95047
34549
14201
32093
216099
29570
35841
220767
40354
244868
128141
176344
43682
44564
36068
61287
174241
140735
152816
33016
29862
178732
194357
3676
201183
63994
15890
175131
1316
293912
15492
7786
18768
38467
40272
25576
3774
13947
42747
18439
38614
2722
143966
122401
76001
38598
241589
97651
31634
37181
43803
16658
133805
43519
17685
31104
280974
36706
205110
48794
36861
97878
46862
25339
2945
270371
142759
17444
39330
8947
8106
17651
22912
11784
298962
263276
1997
200882
193827
121106
67960
7605
18457
69839
57275
62256
25345
23703
86906
54398
34316
259549
111546
224470
29798
18775
39984
276288
284946
49530
36921
206694
38153
2947
262123
28706
3012
51090
37617
5200
197734
28257
124247
111433
38398
21208
15806
228277
53146
43346
8732
8289
18412
55671
44635
205488
24014
131698
264005
37213
230446
62502
5294
47776
86916
242
26205
9175
261408
89710
14442
289483
132262
30718
24307
5414
42477
21166
29407
8573
287521
11124
33713
250397
149483
1447
45842
8007
9105
43448
236778
18074
34150
56525
21415
7049
34364
13368
19283
121155
17937
273096
42240
99299
29328
223051
36844
272861
112622
19599
41190
29051
33178
14153
26680
14334
232021
19244
163177
47834
65734
31451
27232
258459
234315
66054
18910
9616
35346
114336
2109
62543
140315
16465
17388
25273
154844
22193
69402
40838
206808
138363
196186
189980
221298
21491
220725
21247
14687
297578
146690
39345
111651
234164
43792
119284
24652
297632
29423
37645
21336
34238
272047
89527
8178
137129
24111
52633
23417
61980
175103
17206
161228
25791
149070
1660
226992
45250
59209
40903
49950
234261
18767
230567
42159
14199
39474
93798
36938
43156
184200
23205
14283
103811
2421
239853
178304
12640
32507
9558
24696
154956
196576
90108
240943
171809
155588
199866
47795
276345
48782
20490
279730
37964
38896
1569
9019
177124
45375
12342
25638
243249
45377
42975
195394
164706
13578
88463
3606
12957
43046
43591
9719
239241
30437
96
62003
59671
9200
10069
7678
44719
237850
50477
199921
7144
267311
278683
1907
5533
243069
166104
280801
3153
36000
28847
16328
21739
72365
256089
148929
36786
173864
173999
109405
280080
3821
4207
6337
24659
259493
277181
45840
37104
49885
20411
10461
20062
61106
188137
27226
40875
27999
18258
43718
127590
16266
14429
18266
1752
183415
82463
22099
22410
15744
135936
42689
48833
45733
285565
97407
219689
15686
22191
248156
18959
268675
48310
26650
36113
579
44015
47143
168495
15607
2924
126099
48629
4798
21186
35818
12962
160996
40447
67516
167596
12534
138315
147413
13822
33063
243590
110310
25868
24898
32493
42422
44984
33117
24238
17972
84074
24796
18709
154840
12665
66597
27878
1247
293034
131017
84301
3363
44305
18778
13274
227245
46951
6517
43528
41479
254177
5129
30745
23802
17116
192920
277152
210369
22219
23310
19005
50331
22530
4278
44119
20258
23562
8096
4757
16992
45973
5635
47006
40175
11545
14266
12937
15412
42676
11717
57044
248196
12905
49806
18563
165901
20515
60536
141701
238745
104699
23294
13220
251158
40895
38158
47359
49965
48461
259694
29726
176433
15509
85080
198621
5753
1998
203064
36508
282080
240724
51330
243913
177044
17403
68990
14605
21149
26699
2033
79452
26720
92168
265900
197088
9035
132410
40914
231176
11194
66644
15590
194723
40586
41250
269466
155217
68441
42642
3077
40961
24043
20622
25348
202061
20757
14969
24780
22696
293665
381
44140
856
21724
16569
203054
14742
195324
48985
50546
86529
19273
1462
68535
59792
41925
104413
5070
14561
4052
243817
260077
226896
34012
49636
42289
160980
31022
37444
47042
52636
31951
83022
93477
247813
28277
12174
37026
246433
10993
46610
18928
18400
19958
142313
34349
272276
39824
49713
38586
46903
32969
19489
37030
44859
23175
38405
21623
270989
169462
92819
94340
41164
12411
59948
72021
74100
18233
23074
171703
3969
26084
4491
102927
15957
161006
16327
46912
154993
47265
15283
18321
151572
249385
224163
2973
28900
20660
97855
179477
1497
50274
38885
26604
32639
221208
50334
35874
285801
43181
41136
298162
74869
49498
13128
173542
47768
5693
24961
9112
30728
17042
50150
123961
43950
33772
25338
15734
37961
48174
44889
143986
55753
22789
2615
14729
141374
212230
2134
112620
29136
86705
7290
42273
212555
75983
44299
19832
158931
18741
214474
33197
28304
46364
1577
75488
3487
223643
12393
20586
62616
23407
3604
33778
71150
41068
3428
209344
248474
42637
16002
20832
207177
5518
14976
23492
17758
32104
299094
69588
14008
13707
9613
25505
32458
55086
28555
43118
6444
241356
9595
49758
45858
10333
185915
34131
25128
218981
170517
77322
212761
115652
99196
58189
15585
79424
157336
5829
215391
30878
223210
18046
43229
22314
32991
218621
14724
44144
21674
27223
49553
51676
188066
3382
24235
7963
717
168255
158130
239404
10549
160625
48748
39634
164715
9049
148633
15956
86343
42693
206367
211512
1230
143997
18779
7671
41857
44131
42272
24931
27949
77129
18041
244357
23872
173377
242537
257657
14971
24808
44778
30220
10020
47185
44575
90345
19969
29396
6159
46853
298684
5130
45367
20487
101163
242634
148229
31836
37049
189397
6048
22272
40533
2953
30315
17228
65614
154443
25094
123207
16856
87272
287023
224405
14545
36907
21065
118450
49608
27342
45583
73582
15862
256408
94736
11267
32412
21516
41685
44278
260108
5399
4041
84590
69393
42673
23525
19718
89324
141063
26367
51873
68330
134227
50289
2317
37489
270863
93744
22213
10042
18997
287676
158944
72985
36394
26690
38133
16389
14530
25294
34257
17908
45039
266918
202569
49725
207376
261708
45202
25084
153955
8993
133872
19973
25387
29456
19484
22262
50912
34731
102744
14433
267948
91373
28234
161482
35405
12351
259166
49740
267366
109894
60252
72026
222453
2311
45671
87110
19565
36390
28738
4493
16670
219254
50276
284390
102788
294655
2519
14982
3111
32050
167450
97166
205273
259951
171090
42138
1654
47815
225727
24496
35176
21684
200464
1606
88765
27428
212531
11251
19335
87246
111960
2117
27563
29114
35880
199091
28825
17197
224003
52019
41718
19979
484
41788
22666
79570
45268
205278
43409
15474
25487
96364
92642
1163
12324
202526
19601
28780
66
3344
16666
37766
37591
43199
12661
205859
36785
228068
45196
40039
133464
23577
46463
8117
28137
11378
86370
1543
42590
38683
40203
16962
97922
266598
21961
20015
140288
234196
1933
25842
12483
36085
8103
33723
26334
249046
196601
195884
38100
18578
276070
50956
275549
37701
73626
11034
56945
135544
75466
32449
46277
112034
276143
33813
26971
284813
49947
211374
268849
10241
9812
15224
252
282512
294389
26521
4045
63650
35685
3678
22842
12642
27674
18129
42385
52107
46645
46041
42410
60424
47671
19350
168880
36343
116634
28206
70002
33070
151208
1608
75549
1329
97978
169444
122871
23454
74438
59905
24395
23621
25201
16778
226789
32459
4008
168652
25875
2495
33757
6019
140828
113116
149563
9203
43094
37451
83182
3406
37606
284732
208590
14927
122886
209647
9067
164859
37354
11832
32874
254633
24469
5106
18659
31763
33036
107985
12430
36396
188361
117830
190793
200546
10496
237607
5849
28402
55271
78904
40824
206113
46375
188979
53216
23251
30936
129989
125428
12061
20209
137716
24717
18728
18694
98989
145695
25655
26634
288153
48102
157735
3101
49737
74158
105098
36112
123719
2287
21852
280778
9130
150087
29404
95701
22055
44596
33815
30908
6150
25658
21143
30182
43113
29581
2699
78268
43857
164323
197339
173508
238266
170585
200974
1008
32343
38264
17999
3934
15933
22241
114515
241003
66247
19467
42440
11446
48140
16564
19591
25840
10925
275977
139309
209821
251162
26655
28558
5236
234151
298452
89912
221101
42202
189549
2208
28888
138573
41708
159450
52595
275288
10418
40788
27738
133151
6874
3830
67494
18123
7178
1896
222154
47953
24306
43877
17501
48975
137066
30066
245345
6050
40868
29299
268418
45105
34707
11533
245912
61587
9987
9343
12339
244322
219588
10823
106575
62343
50284
14456
17212
31298
119363
31555
184140
3137
158771
39002
21562
33141
25315
6794
282271
37516
121332
244074
42585
390
39091
146796
45276
60945
123487
46535
8824
44039
92230
139083
55454
13488
16808
172522
241543
48850
27189
22270
49306
14286
37803
3514
22120
21563
22829
142423
27432
267423
107988
44878
207
63810
33576
12445
236769
21203
96668
27270
42598
120620
25182
206313
39880
118544
19277
33892
4318
139982
1689
9183
34243
32156
5406
33972
27851
53687
170687
182655
2102
14594
17436
10171
13525
57533
224372
221564
1160
40352
192172
22049
25887
237602
68083
269979
168951
43956
14269
7413
18726
11452
249664
264458
83589
94604
272900
45630
26597
122734
39981
1945
195154
253953
33926
42936
44388
41803
19868
185441
31000
8112
19823
169175
25121
225834
164865
13157
118920
34855
20479
35205
210109
22545
89354
18025
44307
1481
223944
84800
97094
48574
16522
27647
20559
23856
22115
45417
66864
243396
33510
32880
43936
22851
53642
12449
17840
47388
37581
173070
16077
282427
42987
149774
5144
24183
299655
15410
270872
2692
272490
15291
279468
67532
147607
2608
83197
34459
7607
106321
204456
13296
248742
281860
153947
29211
40673
288379
84201
13196
36637
28224
24752
8592
270567
9127
268029
47578
27316
227518
41321
13598
187019
298085
115946
31996
15487
1200
3899
39293
42581
99806
176808
48882
63602
15384
24029
38314
21921
27654
13201
116345
3621
57986
49662
20398
229178
62167
28412
16109
188656
21680
40791
280441
250846
26035
42961
5467
53973
95571
8424
30387
263874
13383
164381
1288
24607
132319
254039
271518
24157
31962
94944
254504
247485
215982
94016
1367
135974
12981
158787
522
7924
261923
30274
12165
37576
180556
16581
205927
145556
43093
132179
15897
28253
176646
66048
269305
1100
221925
20592
65620
86805
883
298318
41169
25531
34724
31139
232313
270048
4770
253890
19119
242340
36762
43806
32683
16358
134847
159255
43307
97142
5136
18049
14440
76528
4026
265808
41417
183546
5662
195265
41343
71445
215811
14617
78658
23792
172869
35837
47577
30496
62394
15986
239958
5417
150540
37710
113206
12297
5307
44841
110153
23772
219002
15372
53969
61653
231747
938
292962
8550
45021
4773
180897
1081
41881
276561
13200
135282
63730
116603
36036
36019
38307
27608
18214
17717
25900
25217
10852
13793
73
28812
46230
42554
32222
25422
10304
65041
84116
98320
10532
201859
22407
59012
36054
31579
28975
23155
204387
15302
119767
50430
142801
104867
7065
18686
29133
7939
288398
274937
83232
47960
283559
195180
89539
121356
21773
20365
21963
123371
48421
83596
20484
12550
188437
112307
9991
4751
1346
28933
27115
26792
12940
43873
208548
69102
102682
2367
19250
40584
226622
136610
39950
146423
87083
13075
290304
7032
255177
39327
63475
49392
21796
1720
10305
49661
19547
14983
39915
66548
44789
246
25723
113555
630
79871
6525
26849
142977
4620
34950
275801
33988
14626
16076
29954
278520
667
4532
18971
32040
31777
22735
32829
49507
29108
196435
19324
261479
272229
200978
43506
21465
22934
16464
52876
258374
25196
13390
19520
37022
95086
33135
183504
9010
39011
207820
195349
1240
32348
30137
36395
251710
83847
136847
23187
11149
200213
49781
6096
19025
13354
25511
41138
141140
50437
159131
8403
30590
24708
24485
110633
20666
9479
186016
9494
281956
17236
49869
36879
18645
33504
28569
22258
84603
41884
16548
627
103815
224444
28965
49774
2612
132003
10825
17842
278526
45893
73996
22595
22998
40442
14061
23327
111623
67688
85469
74970
57303
3940
43406
21520
18620
4040
17245
39172
31152
220848
31717
1685
127684
90067
61732
28225
6404
187777
18616
4238
252919
27014
14278
40495
40779
37571
250571
66945
21202
80819
2646
130560
27587
15397
288127
11790
11166
63529
40424
41107
13919
8226
281669
28320
8257
11792
5828
86940
10266
445
252502
34646
70815
6555
34347
97685
45201
28764
3197
15181
538
160169
17214
23477
44743
40298
32224
109181
58009
39378
26608
32054
10122
18976
2878
9109
140596
67770
22905
24706
15950
60371
26681
38411
49186
34858
26510
48006
84837
21261
36571
8324
1073
14587
22332
38768
297211
34896
25033
2715
7343
36334
177800
31806
63116
16167
45639
20312
194081
33664
163749
43929
10455
2809
17192
87346
48861
8755
101293
188764
5274
201671
6574
59887
38656
56504
196654
26082
13882
61595
271545
264803
189573
25019
276780
279575
35216
36052
63206
43596
5089
271698
183351
211448
183318
234523
37765
72787
121740
10043
60356
32646
13015
9165
154082
26744
48494
948
29185
87857
6563
31721
14154
26505
281067
31344
37223
38196
47670
909
19259
43461
5813
5182
23547
49500
187864
154422
37321
31970
93338
289931
56123
46489
82049
251570
145528
1350
248142
137673
8921
46763
207515
24627
19166
10608
75697
29349
235808
36470
9795
21909
157936
93252
120959
238599
286421
40534
42967
246675
117
98686
222732
48524
241262
41974
229766
5628
18636
42700
290652
6476
251152
29535
4081
278
35357
43648
41255
8364
44513
21502
31593
245372
13825
142114
264642
69274
40316
154022
11888
8405
31157
10838
223457
8358
194129
33043
167618
12220
264114
73719
8829
123318
45465
204065
215601
37367
37483
46998
210517
6695
12455
24666
10705
194930
43538
222459
24711
135647
43970
278221
81776
29453
231033
47629
10725
141246
15762
36995
291645
125540
86760
40898
227095
67655
31390
41461
270087
8123
47004
48089
141114
23662
196589
37761
81947
46618
32780
47677
5720
1834
22701
269963
46649
13627
29468
20704
19237
91460
23084
165968
205321
92354
35809
981
34213
1292
32015
69673
21440
227729
518
59447
8233
48150
45873
110789
80112
275665
17536
139057
281577
149881
14686
19880
268
60804
278873
21183
10801
290013
110081
216827
32462
160660
49970
140751
129105
47571
152634
74807
31457
33975
126881
2718
2525
11511
121148
5021
10670
185884
295602
183342
294025
36604
282602
30405
44883
15765
215419
92213
35757
49640
17464
188513
31133
46939
56087
4802
60520
127599
33249
91237
22868
17930
32999
18215
13819
45768
46051
39243
42072
135189
44604
49352
7182
208973
18556
31831
539
89718
34974
68737
9546
35061
42722
112732
23684
2527
12417
149966
231651
8090
3890
13077
18857
52507
128418
9933
32310
16204
50741
121414
183
23658
73822
32840
39371
144790
115279
45799
21655
22245
14385
111161
23640
49990
30977
60727
4935
16691
89315
18975
19398
43049
171189
9216
6205
81556
5716
65048
32182
42501
270015
21625
194481
16590
88246
710
14842
19096
173878
42619
297220
148774
29657
25153
31142
16460
31867
104817
179710
11291
57852
96136
232223
110683
75975
279834
250047
236958
152290
140772
189205
290965
70804
43613
102452
35732
12133
6319
19860
97041
16512
41174
91924
5461
18165
16384
34533
21368
40893
72408
299458
218765
37792
18186
16052
35679
246506
34594
37992
30019
35173
216562
20732
237085
267008
42857
290974
188607
4732
20899
16946
42110
151988
39625
32062
223857
19000
36951
281419
6276
77901
54122
234105
290779
36624
131526
17101
240685
24595
47389
299187
7051
8256
123428
42906
21691
116664
36601
48901
54811
43293
41883
48718
40320
13861
220928
31570
256905
7662
8016
91767
33553
5345
43631
121053
77893
23299
18369
46405
51185
28744
34710
11138
89738
83227
211126
189119
260326
29032
80984
31872
5970
260153
36282
699
80443
128748
287565
11781
38724
219528
95246
52956
6209
92650
33241
238610
46755
55245
1318
40181
10285
255252
8786
6704
31294
45099
263704
274329
6875
246627
260107
48798
270255
71412
24148
209291
94962
34497
41202
11480
19869
80638
24512
67359
3533
186717
20317
192280
101765
67420
22718
65146
4663
23343
19735
5858
100140
60233
124710
134487
34562
17202
194658
31665
18196
44641
161030
7384
60707
86837
42302
38247
213120
42218
19940
14357
17618
46292
114997
9739
19026
43782
105363
3842
15951
2867
258150
32101
67657
72085
463
21580
277660
37643
44928
7669
21002
8175
39169
219
146986
95626
26832
12995
23648
183983
50036
216057
97584
46269
129443
762
13089
25517
219396
14259
47883
179836
59405
11128
238118
163314
8332
179305
31699
4001
112358
52835
39658
4214
43364
19679
26984
34024
82168
201504
79298
48026
116782
115062
4275
189488
126679
44122
33508
298535
11958
49830
137443
156547
371
57374
32994
39068
1893
85972
15425
6440
109646
57297
108029
34297
40730
121806
12612
26532
36890
99839
19362
61078
96992
145700
49191
75436
15050
70225
59833
158887
204613
21009
49575
31878
43015
21343
3443
19750
108623
34268
82538
11126
16963
44359
249776
16176
41775
34516
21750
31934
16901
12303
155137
26907
88288
27944
63078
1847
88956
140203
48181
193787
261302
18774
125597
21309
242885
227393
247557
40356
18946
25361
252203
5202
27528
38376
34827
44187
267282
2063
197
42284
2103
31386
56043
6757
4204
26739
52368
170530
15815
296697
37634
75268
30431
34845
5694
168894
299960
116021
1003
18323
221302
16602
128636
40587
167217
24127
153192
237708
111280
56076
46458
175127
62691
174028
8645
189414
14188
4962
261567
17872
30239
2654
236687
1785
6068
95555
30954
17071
48257
94384
163783
74480
298070
26103
27988
38819
198
15659
262249
14211
84172
2884
18598
10466
219656
30417
90174
73636
241613
41366
133009
16667
45974
35178
132718
6727
40564
46160
16986
7907
25164
34259
48860
11560
36256
43249
35249
176074
189766
44004
48778
109678
107483
34691
14946
189565
13670
29278
1549
7496
229559
241224
48231
41967
112553
130864
199731
13465
2395
47553
23459
268614
27881
8647
10558
4176
9083
5497
41915
82588
42941
122416
199172
39761
49742
202588
22535
265068
3994
293390
2150
223776
99262
288440
44312
37270
26125
289457
299092
190396
34908
274506
193557
47805
3582
38935
47342
62659
3544
29504
222768
48194
45079
4300
27960
158444
24135
24735
41572
46586
40007
34173
36337
77039
33852
8641
277379
31232
109
11627
117574
37416
7081
48879
38008
60431
31897
40921
29426
212897
195001
95438
282018
133120
45231
64635
32575
10906
98128
28846
11281
136894
31278
44570
60308
11240
262432
291054
23999
35299
212769
77917
212101
10018
27624
6746
3303
148032
11190
216747
5195
97079
25212
31957
174245
213542
27592
27132
19892
123736
11117
240680
145256
275527
4970
56182
157101
52154
3168
41721
150232
76939
5123
124244
87112
65150
105649
25499
13026
267753
173086
47102
40555
38273
8374
137561
286989
120450
157992
39060
109397
36886
87517
110401
223102
2642
42925
296918
278061
238277
8654
5121
854
164142
28682
198619
39693
3904
257584
84
77028
26909
274817
132143
40464
33472
53977
40761
100450
249951
20882
11057
236679
19221
239376
14783
205355
89878
222448
275666
86436
175879
45112
239800
13883
30273
66003
1091
22063
47999
43003
10130
263042
80030
219183
144129
38564
10820
36244
189124
44175
12240
49943
231796
291669
4287
23962
32227
22413
50262
122078
212136
50513
73785
138084
45243
23425
51694
139389
255847
1432
34340
28291
35784
38620
132605
33646
39289
55097
3525
90930
38447
145906
27709
10891
27308
32161
49315
7714
40955
31288
59665
37404
7188
167370
19962
233717
29233
17839
35573
76455
28639
63120
173648
28610
3396
22024
28962
86803
28201
25373
116029
18333
8413
283815
7150
31866
156241
14196
177498
27106
17117
7733
170125
11232
70589
106397
155718
39652
36656
67289
20986
68184
195729
24814
46826
160821
15437
177911
49431
46721
19086
196710
7519
45977
36551
34307
171951
5815
151713
34915
55834
179064
292542
24425
14040
71814
17657
25163
157128
25328
281954
167586
44477
11773
273421
12140
30426
193608
18913
2862
51950
29823
24295
189156
30808
12468
60721
17676
27598
108791
46924
173003
6432
48535
29298
65003
18466
132629
196900
49560
39635
144196
107005
211164
24168
130671
21212
18348
33693
202798
45509
5480
4605
44200
180054
35733
257761
78914
28135
9516
39889
6851
40396
36245
21398
7267
82738
222522
12809
31874
28884
232537
21482
7589
2939
243270
155415
8729
6203
28640
52908
172174
16631
7533
42258
92098
12370
77266
37942
12205
175540
42929
229066
261723
199678
43317
40220
10380
45320
276537
1631
285250
92466
98974
22152
45270
200834
35239
24385
179915
22699
9023
238622
140992
5499
41478
28543
186
128905
27446
13874
228478
74584
30080
222891
13518
